Time	TOPUPCC:rdCurrentB [mA]	PSEK2D1R:set [kV]	PAHB:sCavSet [kV]	PAHR:sCavSet []	TOPUPCC:rdCur [mA]	TOPUPCC:rdEffBoostR [%]	TOPUP1T5G:rdEffBoostRraw []	TOPUP2T5G:rdEffBoostRraw []	PAHB:sDelay [ns]	PAHB:pDelay [ns]	
05/08/2019 04:02:10.900933	0.511223	1.3953	775	1400	8.4712	87.2809	0.872809	0.876431	0	-0.0703125	
05/08/2019 04:02:11.900017	0.545481	1.3953	775	1400	8.47201	87.2809	0.872809	0.876431	0	-0.0703125	
05/08/2019 04:02:12.899908	0.592398	1.3953	775	1400	8.47169	87.2809	0.872809	0.876431	0	-0.0703125	
05/08/2019 04:02:13.899153	0.558649	1.3953	775	1400	8.47227	87.2809	0.872809	0.876431	0	-0.0703125	
05/08/2019 04:02:14.898305	0.594622	1.3953	775	1400	8.47193	87.2809	0.872809	0.876431	0	-0.0703125	
05/08/2019 04:02:15.898314	0.545648	1.3953	775	1400	8.471	87.2809	0.872809	0.876431	0	-0.0703125	
05/08/2019 04:02:16.898335	0.573285	1.3953	775	1400	8.47041	87.2809	0.872809	0.876431	0	-0.0703125	
05/08/2019 04:02:17.897733	0.503889	1.3953	775	1400	8.47085	87.2809	0.872809	0.876431	0	-0.0703125	
05/08/2019 04:02:18.896856	0.483276	1.3953	775	1400	8.47112	87.2809	0.872809	0.876431	0	-0.0703125	
05/08/2019 04:02:19.896172	0.402721	1.3953	775	1400	8.46949	87.2809	0.872809	0.876431	0	-0.0703125	
05/08/2019 04:02:20.895448	0.38041	1.3953	775	1400	8.46827	87.2809	0.872809	0.876431	0	-0.0703125	
05/08/2019 04:02:21.895252	0.331565	1.3953	775	1400	8.46869	87.2809	0.872809	0.876431	0	-0.0703125	
05/08/2019 04:02:22.894443	0.355298	1.3953	775	1400	8.4672	87.2809	0.872809	0.876431	0	-0.0703125	
05/08/2019 04:02:23.894277	0.37512	1.3953	775	1400	8.46766	87.2809	0.872809	0.876431	0	-0.0703125	
05/08/2019 04:02:24.893814	0.40281	1.3953	775	1400	8.4667	87.2809	0.872809	0.876431	0	-0.0703125	
05/08/2019 04:02:25.893382	0.392944	1.3953	775	1400	8.46663	87.2809	0.872809	0.876431	0	-0.0703125	
05/08/2019 04:02:26.892713	0.438433	1.3953	775	1400	8.46666	87.2809	0.872809	0.876431	0	-0.0703125	
05/08/2019 04:02:27.892465	0.438717	1.3953	775	1400	8.46645	87.2809	0.872809	0.876431	0	-0.0703125	
05/08/2019 04:02:28.891880	0.537003	1.3953	775	1400	8.46725	87.2809	0.872809	0.876431	0	-0.0703125	
05/08/2019 04:02:29.891395	0.560847	1.3953	775	1400	8.46639	87.2809	0.872809	0.876431	0	-0.0703125	
05/08/2019 04:02:30.891102	0.591483	1.3953	775	1400	8.46633	87.2809	0.872809	0.876431	0	-0.0703125	
05/08/2019 04:02:31.890313	0.586513	1.3953	775	1400	8.4659	87.2809	0.872809	0.876431	0	-0.0703125	
05/08/2019 04:02:32.889833	0.161929	1.3953	775	1400	8.46571	87.2809	0.872809	0.876431	0	-0.0703125	
05/08/2019 04:02:33.889344	0.525128	1.3953	775	1400	8.46482	87.2809	0.872809	0.876431	0	-0.0703125	
05/08/2019 04:02:34.888691	0.442608	1.3953	775	1400	8.46544	87.2809	0.872809	0.876431	0	-0.0703125	
05/08/2019 04:02:35.888210	0.383147	1.3953	775	1400	8.46318	87.2809	0.872809	0.876431	0	-0.0703125	
05/08/2019 04:02:36.888097	0.468117	1.3953	775	1400	8.46344	87.2809	0.872809	0.876431	0	-0.0703125	
05/08/2019 04:02:37.887322	0.293709	1.3953	775	1400	8.46169	87.2809	0.872809	0.876431	0	-0.0703125	
05/08/2019 04:02:38.886624	0.293184	1.3953	775	1400	8.46111	87.2809	0.872809	0.876431	0	-0.0703125	
05/08/2019 04:02:39.886234	0.200071	1.3953	775	1400	8.46109	87.2809	0.872809	0.876431	0	-0.0703125	
05/08/2019 04:02:40.885466	0.317278	1.3953	775	1400	8.46179	87.2809	0.872809	0.876431	0	-0.0703125	
05/08/2019 04:02:41.885225	0.210228	1.3953	775	1400	8.46158	87.2809	0.872809	0.876431	0	-0.0703125	
05/08/2019 04:02:42.884616	0.218069	1.3953	775	1400	8.46048	87.2809	0.872809	0.876431	0	-0.0703125	
05/08/2019 04:02:43.884393	0.518449	1.3953	775	1400	8.45794	87.2809	0.872809	0.876431	0	-0.0703125	
05/08/2019 04:02:44.884698	0.534827	1.3953	775	1400	8.45822	87.2809	0.872809	0.876431	0	-0.0703125	
05/08/2019 04:02:45.883636	0.604731	1.3953	775	1400	8.45819	87.2809	0.872809	0.876431	0	-0.0703125	
05/08/2019 04:02:46.882899	0.538401	1.3953	775	1400	8.45788	87.2809	0.872809	0.876431	0	-0.0703125	
05/08/2019 04:02:47.882600	0.598676	1.3953	775	1400	8.459	87.2809	0.872809	0.876431	0	-0.0703125	
05/08/2019 04:02:48.882052	0.602856	1.3953	775	1400	8.45746	87.2809	0.872809	0.876431	0	-0.0703125	
05/08/2019 04:02:49.881269	0.599869	1.3953	775	1400	8.45662	87.2809	0.872809	0.876431	0	-0.0703125	
05/08/2019 04:02:50.881232	0.530479	1.3953	775	1400	8.45472	87.2809	0.872809	0.876431	0	-0.0703125	
05/08/2019 04:02:51.880544	0.538325	1.3953	775	1400	8.45574	87.2809	0.872809	0.876431	0	-0.0703125	
05/08/2019 04:02:52.879910	0.608552	1.3953	775	1400	8.45496	87.2809	0.872809	0.876431	0	-0.0703125	
05/08/2019 04:02:53.879038	0.154125	1.3953	775	1400	8.45477	87.2809	0.872809	0.876431	0	-0.0703125	
05/08/2019 04:02:54.878899	0.600075	1.3953	775	1400	8.45326	87.2809	0.872809	0.876431	0	-0.0703125	
05/08/2019 04:02:55.878111	0.536855	1.3953	775	1400	8.45344	87.2809	0.872809	0.876431	0	-0.0703125	
05/08/2019 04:02:56.877770	0.57779	1.3953	775	1400	8.45225	87.2809	0.872809	0.876431	0	-0.0703125	
05/08/2019 04:02:57.878093	0.600582	1.3953	775	1400	8.45259	87.2809	0.872809	0.876431	0	-0.0703125	
05/08/2019 04:02:58.877252	0.52722	1.3953	775	1400	8.45237	87.2809	0.872809	0.876431	0	-0.0703125	
05/08/2019 04:02:59.876879	0.512312	1.3953	775	1400	8.4517	87.2809	0.872809	0.876431	0	-0.0703125	
05/08/2019 04:03:00.876101	0.560566	1.3953	775	1400	8.45088	87.2809	0.872809	0.876431	0	-0.0703125	
05/08/2019 04:03:01.875478	0.214814	1.3953	775	1400	8.52741	89.2656	0.892656	0.900229	0	-0.0703125	
05/08/2019 04:03:02.875122	0.564534	1.3953	775	1400	8.52613	89.2656	0.892656	0.900229	0	-0.0703125	
05/08/2019 04:03:03.875012	0.532234	1.3953	775	1400	8.71482	88.7857	0.887987	0.887857	0	-0.0703125	
05/08/2019 04:03:04.874748	0.589035	1.3953	775	1400	8.71367	88.7857	0.887987	0.887857	0	-0.0703125	
05/08/2019 04:03:05.874508	0.570092	1.3953	775	1400	8.92173	91.6038	0.916038	0.917422	0	-0.0703125	
05/08/2019 04:03:06.874515	0.562816	1.3953	775	1400	8.92132	91.6038	0.916038	0.917422	0	-0.0703125	
05/08/2019 04:03:07.873327	0.594883	1.3953	775	1400	9.13717	90.6626	0.907338	0.906626	0	-0.0703125	
05/08/2019 04:03:08.872350	0.602784	1.3953	775	1400	9.13785	90.6626	0.907338	0.906626	0	-0.0703125	
05/08/2019 04:03:09.872147	0.159244	1.3953	775	1400	9.19356	86.4	0.865128	0.864	0.01	-0.0703125	
05/08/2019 04:03:10.871614	0.580758	1.3953	775	1400	9.19377	86.4	0.865128	0.864	0.01	-0.0703125	
05/08/2019 04:03:11.871625	0.582377	1.3953	775	1400	9.40361	89.4239	0.909615	0.894239	0.02	-0.0703125	
05/08/2019 04:03:12.870925	0.590895	1.3953	775	1400	9.4035	89.4239	0.909615	0.894239	0	-0.0618053	
05/08/2019 04:03:13.870424	0.603827	1.3953	775	1400	9.62184	90.359	0.904361	0.90359	0	-0.0618053	
05/08/2019 04:03:14.870279	0.616118	1.3953	775	1400	9.62026	90.359	0.904361	0.90359	0	-0.0702345	
05/08/2019 04:03:15.870187	0.547366	1.3953	775	1400	9.81603	89.3619	0.893619	0.897369	0	-0.0702345	
05/08/2019 04:03:16.870108	0.238	1.3953	775	1400	9.81663	89.3619	0.893619	0.897369	0	-0.0702345	
05/08/2019 04:03:17.869800	-0.00241711	1.3953	775	1400	9.81573	89.3619	0.893619	0.897369	0	-0.0702345	
05/08/2019 04:03:18.869259	0.00137101	1.3953	775	0	9.81548	89.3619	0.893619	0.897369	0	-0.0702345	
05/08/2019 04:03:19.868638	-0.00326735	1.3953	775	0	2.42305	89.3619	0.893619	0.897369	0	-0.0702345	
05/08/2019 04:03:20.867758	-0.00105757	1.3953	775	0	0	89.3619	0.893619	0.897369	0	-0.0702345	
05/08/2019 04:03:21.866826	-0.00126581	1.3953	775	0	0	89.3619	0.893619	0.897369	0	-0.0702345	
05/08/2019 04:03:22.866292	0.00043027	1.3953	775	0	0	89.3619	0.893619	0.897369	0	-0.0702345	
05/08/2019 04:03:23.865448	-0.000499288	1.3953	775	0	0	89.3619	0.893619	0.897369	0	-0.0702345	
05/08/2019 04:03:24.864892	-0.00210515	1.3953	775	0	0	89.3619	0.893619	0.897369	0	-0.0702345	
05/08/2019 04:03:25.864457	-0.00242451	1.3953	775	0	0	89.3619	0.893619	0.897369	0	-0.0702345	
05/08/2019 04:03:26.863788	0.000108654	1.3953	775	0	0	89.3619	0.893619	0.897369	0	-0.0702345	
05/08/2019 04:03:27.863448	-0.00171207	1.3953	775	0	0	89.3619	0.893619	0.897369	0	-0.0702345	
05/08/2019 04:03:28.862992	-0.00113032	1.3953	775	1400	0	89.3619	0.893619	0.897369	0	-0.0702345	
05/08/2019 04:03:29.862689	-0.00362213	1.3953	775	1400	0	89.3619	0.893619	0.897369	0	-0.0702345	
05/08/2019 04:03:30.862174	-0.00180327	1.3953	775	1400	0	89.3619	0.893619	0.897369	0	-0.0702345	
05/08/2019 04:03:31.861595	2.74769e-05	1.3953	775	1400	0	89.3619	0.893619	0.897369	0	-0.0702345	
05/08/2019 04:03:32.860928	-0.00104807	1.3953	775	1400	0	89.3619	0.893619	0.897369	0	-0.0702345	
05/08/2019 04:03:33.860073	-0.000202679	1.3953	775	1400	0	89.3619	0.893619	0.897369	0	-0.0702345	
05/08/2019 04:03:34.859260	0.000630516	1.3953	775	1400	0	89.3619	0.893619	0.897369	0	-0.0702345	
05/08/2019 04:03:35.858400	2.39336e-05	1.3953	775	1400	0	89.3619	0.893619	0.897369	0	-0.0702345	
05/08/2019 04:03:36.857852	0.000772447	1.3953	775	1400	0	89.3619	0.893619	0.897369	0	-0.0702345	
05/08/2019 04:03:37.857072	-0.000349625	1.3953	775	1400	0	89.3619	0.893619	0.897369	0	-0.0702345	
05/08/2019 04:03:38.856234	0.00164143	1.3953	775	1400	0	89.3619	0.893619	0.897369	0	-0.0702345	
05/08/2019 04:03:39.855586	-0.00212994	1.3953	775	1400	0	89.3619	0.893619	0.897369	0	-0.0702345	
05/08/2019 04:03:40.855030	-0.00154466	1.3953	775	1400	0	89.3619	0.893619	0.897369	0	-0.0702345	
05/08/2019 04:03:41.854325	-0.000507536	1.3953	775	1400	0	89.3619	0.893619	0.897369	0	-0.0702345	
05/08/2019 04:03:42.854110	-0.00132494	1.3953	775	1400	0	89.3619	0.893619	0.897369	0	-0.0702345	
05/08/2019 04:03:43.853516	0.00130997	1.3953	775	1400	0	89.3619	0.893619	0.897369	0	-0.0702345	
05/08/2019 04:03:44.852538	0.000660864	1.3953	775	1400	0	89.3619	0.893619	0.897369	0	-0.0702345	
05/08/2019 04:03:45.852371	-0.00317495	1.3953	775	1400	0	89.3619	0.893619	0.897369	0	-0.0702345	
05/08/2019 04:03:46.851467	-0.000634057	1.3953	775	1400	0	89.3619	0.893619	0.897369	0	-0.0702345	
05/08/2019 04:03:47.850745	-0.000663675	1.3953	775	1400	0	89.3619	0.893619	0.897369	0	-0.0702345	
05/08/2019 04:03:48.849981	-0.00282211	1.3953	775	1400	0	89.3619	0.893619	0.897369	0	-0.0702345	
05/08/2019 04:03:49.849726	0.000724322	1.3953	775	1400	0	89.3619	0.893619	0.897369	0	-0.0702345	
05/08/2019 04:03:50.849000	-0.000557334	1.3953	775	1400	0	89.3619	0.893619	0.897369	0	-0.0702345	
05/08/2019 04:03:51.848687	3.80747e-05	1.3953	775	1400	0	89.3619	0.893619	0.897369	0	-0.0702345	
05/08/2019 04:03:52.847747	0.0014193	1.3953	775	1400	0	89.3619	0.893619	0.897369	0	-0.0702345	
05/08/2019 04:03:53.847036	-0.00225794	1.3953	775	1400	0	89.3619	0.893619	0.897369	0	-0.0702345	
05/08/2019 04:03:54.846558	-0.000501097	1.3953	775	1400	0	89.3619	0.893619	0.897369	0	-0.0702345	
05/08/2019 04:03:55.846416	-0.00169104	1.3953	775	1400	0	89.3619	0.893619	0.897369	0	-0.0702345	
05/08/2019 04:03:56.846351	0.00218984	1.3953	775	1400	0	89.3619	0.893619	0.897369	0	-0.0702345	
05/08/2019 04:03:57.845781	-0.00115045	1.3953	775	1400	0	89.3619	0.893619	0.897369	0	-0.0702345	
05/08/2019 04:03:58.844826	-0.000591479	1.3953	775	1400	0	89.3619	0.893619	0.897369	0	-0.0702345	
05/08/2019 04:03:59.843994	-0.00200669	1.3953	775	1400	0	89.3619	0.893619	0.897369	0	-0.0702345	
05/08/2019 04:04:00.843427	-0.000478561	1.3953	775	1400	0	89.3619	0.893619	0.897369	0	-0.0702345	
05/08/2019 04:04:01.843275	-0.00433763	1.3953	775	1400	0	89.3619	0.893619	0.897369	0	-0.0702345	
05/08/2019 04:04:02.843020	-0.00117073	1.3953	775	1400	0	89.3619	0.893619	0.897369	0	-0.0702345	
05/08/2019 04:04:03.842921	-0.00206507	1.3953	775	1400	0	89.3619	0.893619	0.897369	0	-0.0702345	
05/08/2019 04:04:04.842337	-0.000678291	1.3953	775	1400	0	89.3619	0.893619	0.897369	0	-0.0702345	
05/08/2019 04:04:05.841681	-0.00170467	1.3953	775	1400	0	89.3619	0.893619	0.897369	0	-0.0702345	
05/08/2019 04:04:06.840954	0.000767873	1.3953	775	1400	0	89.3619	0.893619	0.897369	0	-0.0702345	
05/08/2019 04:04:07.840650	-0.00135826	1.3953	775	1400	0	89.3619	0.893619	0.897369	0	-0.0702345	
05/08/2019 04:04:08.840612	-0.00133423	1.3953	775	1400	0	89.3619	0.893619	0.897369	0	-0.0702345	
05/08/2019 04:04:09.839651	-0.000311636	1.3953	775	1400	0	89.3619	0.893619	0.897369	0	-0.0702345	
05/08/2019 04:04:10.838935	-0.00112958	1.3953	775	1400	0	89.3619	0.893619	0.897369	0	-0.0702345	
05/08/2019 04:04:11.839220	-0.000305403	1.3953	775	1400	0	89.3619	0.893619	0.897369	0	-0.0702345	
05/08/2019 04:04:12.838588	-0.00277623	1.3953	775	1400	0	89.3619	0.893619	0.897369	0	-0.0702345	
05/08/2019 04:04:13.838774	-0.00113548	1.3953	775	1400	0	89.3619	0.893619	0.897369	0	-0.0702345	
05/08/2019 04:04:14.837797	-0.000717922	1.3953	775	1400	0	89.3619	0.893619	0.897369	0	-0.0702345	
05/08/2019 04:04:15.837366	0.00018435	1.3953	775	1400	0	89.3619	0.893619	0.897369	0	-0.0702345	
05/08/2019 04:04:16.836985	0.000770901	1.3953	775	1400	0	89.3619	0.893619	0.897369	0	-0.0702345	
05/08/2019 04:04:17.836262	-0.000809652	1.3953	775	1400	0	89.3619	0.893619	0.897369	0	-0.0702345	
05/08/2019 04:04:18.835643	-0.000386513	1.3953	775	1400	0	89.3619	0.893619	0.897369	0	-0.0702345	
05/08/2019 04:04:19.834728	-0.00106916	1.3953	775	1400	0	89.3619	0.893619	0.897369	0	-0.0702345	
05/08/2019 04:04:20.833800	2.22138e-05	1.3953	775	1400	0	89.3619	0.893619	0.897369	0	-0.0702345	
05/08/2019 04:04:21.832901	0.00264027	1.3953	775	1400	0	89.3619	0.893619	0.897369	0	-0.0702345	
05/08/2019 04:04:22.832138	0.0013148	1.3953	775	1400	0	89.3619	0.893619	0.897369	0	-0.0702345	
05/08/2019 04:04:23.831310	0.000459406	1.3953	775	1400	0	89.3619	0.893619	0.897369	0	-0.0702345	
05/08/2019 04:04:24.830359	-0.00175682	1.3953	775	1400	0	89.3619	0.893619	0.897369	0	-0.0702345	
05/08/2019 04:04:25.830171	-0.00026576	1.3953	775	1400	0	89.3619	0.893619	0.897369	0	-0.0702345	
05/08/2019 04:04:26.830170	0.531235	1.3953	775	1400	0	89.3619	0.893619	0.897369	0	-0.0702345	
05/08/2019 04:04:27.829803	0.603446	1.3953	775	1400	0.176485	90.1322	0.906623	0.901322	0	-0.0702345	
05/08/2019 04:04:28.828980	0.56341	1.3953	775	1400	0.17664	90.1322	0.906623	0.901322	0	-0.0702345	
05/08/2019 04:04:29.828429	0.594097	1.3953	775	1400	0.39321	90.9586	0.909586	0.910691	0	-0.0702345	
05/08/2019 04:04:30.828040	0.550429	1.3953	775	1400	0.393593	90.9586	0.909586	0.910691	0	-0.0702345	
05/08/2019 04:04:31.828047	0.199899	1.3953	775	1400	0.464616	88.3448	0.893048	0.883448	0	-0.0702345	
05/08/2019 04:04:32.827717	0.567745	1.3953	775	1400	0.465602	88.3448	0.893048	0.883448	0	-0.0702345	
05/08/2019 04:04:33.827129	0.584539	1.3953	775	1400	0.679085	90.3504	0.915522	0.903504	0.01	-0.0702345	
05/08/2019 04:04:34.826504	0.597771	1.3953	775	1400	0.677605	90.3504	0.915522	0.903504	0.01	-0.0702345	
05/08/2019 04:04:35.826067	0.574929	1.3953	775	1400	0.884933	89.8858	0.898858	0.904455	0.02	-0.0702345	
05/08/2019 04:04:36.825518	0.553004	1.3953	775	1400	0.884666	89.8858	0.898858	0.904455	0.02	-0.0609468	
05/08/2019 04:04:37.824875	0.547234	1.3953	775	1400	1.08465	90.6992	0.914752	0.906992	0.03	-0.0578248	
05/08/2019 04:04:38.824655	0.184218	1.3953	775	1400	1.08455	90.6992	0.914752	0.906992	0.03	-0.0473664	
05/08/2019 04:04:39.823864	0.515203	1.3953	775	1400	1.27342	90.7187	0.907187	0.917004	0.04	-0.0473664	
05/08/2019 04:04:40.823452	0.534984	1.3953	775	1400	1.2733	90.7187	0.907187	0.917004	0.04	-0.0368299	
05/08/2019 04:04:41.822618	0.163829	1.3953	775	1400	1.33482	90.649	0.90649	0.940826	0.05	-0.0368299	
05/08/2019 04:04:42.821983	0.53517	1.3953	775	1400	1.33477	90.649	0.90649	0.940826	0.05	-0.0263715	
05/08/2019 04:04:43.821848	0.587086	1.3953	775	1400	1.55134	91.2686	0.912686	0.922419	0.06	-0.0263715	
05/08/2019 04:04:44.821815	0.584248	1.3953	775	1400	1.55105	91.2686	0.912686	0.922419	0.06	-0.0159911	
05/08/2019 04:04:45.821874	0.166434	1.3953	775	1400	1.61198	91.5752	0.915752	0.919519	0.07	-0.0159911	
05/08/2019 04:04:46.821834	0.614771	1.3953	775	1400	1.6124	91.5752	0.915752	0.919519	0.07	-0.00545462	
05/08/2019 04:04:47.821687	0.520331	1.3953	775	1400	1.80255	91.1076	0.922058	0.911076	0.08	-0.00545462	
05/08/2019 04:04:48.821223	0.56297	1.3953	775	1400	1.80365	91.1076	0.922058	0.911076	0.08	0.005316	
05/08/2019 04:04:49.820956	0.595597	1.3953	775	1400	2.0243	91.7929	0.927649	0.917929	0.09	0.005316	
05/08/2019 04:04:50.820524	0.603842	1.3953	775	1400	2.02395	91.7929	0.927649	0.917929	0.09	0.0155403	
05/08/2019 04:04:51.819822	0.568725	1.3953	775	1400	2.23352	91.6744	0.916744	0.922803	0.1	0.0155403	
05/08/2019 04:04:52.819681	0.574494	1.3953	775	1400	2.23305	91.6744	0.916744	0.922803	0.1	0.0259987	
05/08/2019 04:04:53.819663	0.578273	1.3953	775	1400	2.44683	91.8607	0.918607	0.919709	0.11	0.0259987	
05/08/2019 04:04:54.819017	0.468196	1.3953	775	1400	2.44714	91.8607	0.918607	0.919709	0.11	0.0366132	
05/08/2019 04:04:55.818130	0.591387	1.3953	775	1400	2.66497	91.7013	0.921228	0.917013	0.12	0.0366132	
05/08/2019 04:04:56.817986	0.45373	1.3953	775	1400	2.66443	91.7013	0.921228	0.917013	0.12	0.0471497	
05/08/2019 04:04:57.817839	0.559633	1.3953	775	1400	2.87031	92.1348	0.92254	0.921348	0.13	0.0471497	
05/08/2019 04:04:58.816881	0.509598	1.3953	775	1400	2.86988	92.1348	0.92254	0.921348	0.13	0.0574521	
05/08/2019 04:04:59.816006	0.486839	1.3953	775	1400	3.0454	90.3524	0.911387	0.903524	0.14	0.0574521	
05/08/2019 04:05:00.815383	0.452942	1.3953	775	1400	3.0444	90.3524	0.911387	0.903524	0.14	0.0677544	
05/08/2019 04:05:01.814654	0.438406	1.3953	775	1400	3.20095	88.7501	0.887501	0.895831	0.15	0.0677544	
05/08/2019 04:05:02.814242	0.46078	1.3953	775	1400	3.20135	88.7501	0.887501	0.895831	0.15	0.0782128	
05/08/2019 04:05:03.814275	0.0540266	1.3953	775	1400	3.22046	-1	0.816748	0.865914	0.16	0.0782128	
05/08/2019 04:05:04.813993	0.10472	1.3953	775	1400	3.21966	-1	0.816748	0.865914	0.16	0.0889054	
05/08/2019 04:05:05.813336	0.533359	1.3953	775	1400	3.40384	85.3365	0.853365	0.866994	0.17	0.0889054	
05/08/2019 04:05:06.812810	0.476013	1.3953	775	1400	3.40362	85.3365	0.853365	0.866994	0.17	0.0992077	
05/08/2019 04:05:07.812205	0.0581228	1.3953	775	1400	3.42484	-1	0.864143	0.922172	0.18	0.0992077	
05/08/2019 04:05:08.811500	0.56106	1.3953	775	1400	3.42429	-1	0.864143	0.922172	0.18	0.109978	
05/08/2019 04:05:09.810873	0.545919	1.3953	775	1400	3.60777	83.675	0.84672	0.83675	0.19	0.109978	
05/08/2019 04:05:10.810970	0.484602	1.3953	775	1400	3.60705	83.675	0.84672	0.83675	0.19	0.120359	
05/08/2019 04:05:11.810048	0.471321	1.3953	775	1400	3.76288	82.4028	0.836275	0.824028	0.2	0.120359	
05/08/2019 04:05:12.809732	0.546152	1.3953	775	1400	3.76355	82.4028	0.836275	0.824028	0.2	0.130739	
05/08/2019 04:05:13.809517	0.501058	1.3953	775	1400	3.92716	80.9547	0.819672	0.809547	0.21	0.130739	
05/08/2019 04:05:14.808635	0.515273	1.3953	775	1400	3.92611	80.9547	0.819672	0.809547	0.21	0.14112	
05/08/2019 04:05:15.807893	0.498362	1.3953	775	1400	4.08117	77.601	0.77705	0.77601	0.22	0.14112	
05/08/2019 04:05:16.807496	0.522818	1.3953	775	1400	4.08161	77.601	0.77705	0.77601	0.22	0.151578	
05/08/2019 04:05:17.807429	0.509931	1.3953	775	1400	4.23506	74.6377	0.746377	0.750203	0.23	0.151578	
05/08/2019 04:05:18.807170	0.431148	1.3953	775	1400	4.23498	74.6377	0.746377	0.750203	0.23	0.162192	
05/08/2019 04:05:19.806675	0.455199	1.3953	775	1400	4.3666	71.4297	0.714297	0.723292	0.24	0.162192	
05/08/2019 04:05:20.806232	0.112104	1.3953	775	1400	4.36735	71.4297	0.714297	0.723292	0.24	0.172339	
05/08/2019 04:05:21.805789	0.436374	1.3953	775	1400	4.49076	69.8798	0.707282	0.698798	0.25	0.172339	
05/08/2019 04:05:22.805404	0.52997	1.3953	775	1400	4.49053	69.8798	0.707282	0.698798	0.25	0.182953	
05/08/2019 04:05:23.804905	0.456704	1.3953	775	1400	4.61424	66.8229	0.668229	0.678456	0.26	0.182953	
05/08/2019 04:05:24.804045	0.398918	1.3953	775	1400	4.61487	66.8229	0.668229	0.678456	0.26	0.193412	
05/08/2019 04:05:25.803508	0.501608	1.3953	775	1400	4.73747	60.3574	0.624528	0.603574	0.27	0.193412	
05/08/2019 04:05:26.803143	0.525734	1.3953	775	1400	4.73574	60.3574	0.624528	0.603574	0.27	0.20387	
05/08/2019 04:05:27.802826	0.506666	1.3953	775	1400	4.85508	58.402	0.58402	0.597392	0.28	0.20387	
05/08/2019 04:05:28.802688	0.5526	1.3953	775	1400	4.85503	58.402	0.58402	0.597392	0.28	0.214485	
05/08/2019 04:05:29.802324	0.503646	1.3953	775	1400	4.96311	53.4018	0.534018	0.536707	0.29	0.214485	
05/08/2019 04:05:30.801465	0.4799	1.3953	775	1400	4.96315	53.4018	0.534018	0.536707	0.29	0.224787	
05/08/2019 04:05:31.801576	0.0754325	1.3953	775	1400	4.9768	-1	0.477606	0.432169	0.3	0.224787	
05/08/2019 04:05:32.801162	0.548662	1.3953	775	1400	4.97726	-1	0.477606	0.432169	0.3	0.235167	
05/08/2019 04:05:33.800421	0.50772	1.3953	775	1400	5.06895	44.3817	0.443817	0.449241	0.31	0.235167	
05/08/2019 04:05:34.799822	0.501412	1.3953	775	1400	5.06737	44.3817	0.443817	0.449241	0.31	0.245626	
05/08/2019 04:05:35.799554	0.550968	1.3953	775	1400	5.15642	40.9755	0.409755	0.411281	0.32	0.245626	
05/08/2019 04:05:36.799095	0.524902	1.3953	775	1400	5.15585	40.9755	0.409755	0.411281	0.32	0.256318	
05/08/2019 04:05:37.798810	0.557641	1.3953	775	1400	5.23313	33.8389	0.338389	0.346704	0.33	0.256318	
05/08/2019 04:05:38.798601	0.586447	1.3953	775	1400	5.23261	33.8389	0.338389	0.346704	0.33	0.266621	
05/08/2019 04:05:39.797999	0.561393	1.3953	775	1400	5.29758	29.165	0.292296	0.29165	0.34	0.266621	
05/08/2019 04:05:40.797859	0.5866	1.3953	775	1400	5.29692	29.165	0.292296	0.29165	0.34	0.277235	
05/08/2019 04:05:41.797356	0.583863	1.3953	775	1400	5.35752	26.2288	0.262498	0.262288	0.35	0.277235	
05/08/2019 04:05:42.796916	0.606477	1.3953	775	1400	5.35807	26.2288	0.262498	0.262288	0.35	0.287303	
05/08/2019 04:05:43.796689	0.578842	1.3953	775	1400	5.40345	-1	0.197455	0.19346	0.36	0.287928	
05/08/2019 04:05:44.796663	0.600095	1.3953	775	1400	5.40306	-1	0.197455	0.19346	0.36	0.298152	
05/08/2019 04:05:45.796627	0.597993	1.3953	775	1400	5.44418	-1	0.167568	0.173511	0.37	0.298152	
05/08/2019 04:05:46.796268	0.546618	1.3953	775	1400	5.44421	-1	0.167568	0.173511	0.37	0.308376	
05/08/2019 04:05:47.796207	0.609358	1.3953	775	1400	5.475	-1	0.125313	0.126051	0.38	0.308376	
05/08/2019 04:05:48.795725	0.553261	1.3953	775	1400	5.47374	-1	0.125313	0.126051	0.38	0.319147	
05/08/2019 04:05:49.795026	0.192719	1.3953	775	1400	5.4826	-1	0.103815	0.130793	0.39	0.319147	
05/08/2019 04:05:50.794695	0.620523	1.3953	775	1400	5.48202	-1	0.103815	0.130793	0.39	0.329293	
05/08/2019 04:05:51.794249	0.618663	1.3953	775	1400	5.50131	-1	0.0706487	0.0803247	0.4	0.32984	
05/08/2019 04:05:52.793890	0.629321	1.3953	775	1400	5.50025	-1	0.0706487	0.0803247	0.4	0.340064	
05/08/2019 04:05:53.793093	0.240267	1.3953	775	1400	5.50406	-1	0.0468099	0.0503524	0.41	0.340064	
05/08/2019 04:05:54.792685	0.187995	1.3953	775	1400	5.5038	-1	0.0468099	0.0503524	0.41	0.35021	
05/08/2019 04:05:55.792196	0.625024	1.3953	775	1400	5.51246	-1	0.0363417	0.0356556	0.42	0.350756	
05/08/2019 04:05:56.791853	0.618364	1.3953	775	1400	5.51311	-1	0.0363417	0.0356556	0.42	0.360981	
05/08/2019 04:05:57.791343	0.268273	1.3953	775	1400	5.51504	-1	0.0161835	0.0118366	0.43	0.360981	
05/08/2019 04:05:58.791083	0.593842	1.3953	775	1400	5.5162	-1	0.0161835	0.0118366	0.43	0.370971	
05/08/2019 04:05:59.791019	0.251789	1.3953	775	1400	5.51774	-1	0.0123014	0.0037536	0.44	0.371517	
05/08/2019 04:06:00.790491	0.34666	1.3953	775	1400	5.51776	-1	0.0123014	0.0037536	0.44	0.38182	
05/08/2019 04:06:01.789916	0.635022	1.3953	775	1400	5.51951	-1	0.00732388	0.00683838	0.45	0.38182	
05/08/2019 04:06:02.789714	0.602687	1.3953	775	1400	5.51923	-1	0.00732388	0.00683838	0.45	0.392044	
05/08/2019 04:06:03.789395	0.60032	1.3953	775	1400	5.51939	-1	0.00114533	0.00182132	0.46	0.392746	
05/08/2019 04:06:04.789289	0.598661	1.3953	775	1400	5.51916	-1	0.00114533	0.00182132	0.46	0.402971	
05/08/2019 04:06:05.788786	0.592072	1.3953	775	1400	5.51952	-1	0.00114533	0.00245834	0.47	0.402971	
05/08/2019 04:06:06.788748	0.60588	1.3953	775	1400	5.52059	-1	0.00284121	0.00245834	0.47	0.413039	
05/08/2019 04:06:07.788310	0.243526	1.3953	775	1400	5.51987	-1	0.00118363	-0.0184064	0.48	0.413663	
05/08/2019 04:06:08.788226	0.594257	1.3953	775	1400	5.51981	-1	0.00118363	-0.0184064	0.48	0.423653	
05/08/2019 04:06:09.787878	0.339298	1.3953	775	1400	5.5188	-1	0.00453361	-0.00700966	0.49	0.423653	
05/08/2019 04:06:10.787305	0.598198	1.3953	775	1400	5.5188	-1	0.00453361	-0.00700966	0.49	0.433331	
05/08/2019 04:06:11.787230	0.588769	1.3953	775	1400	5.51948	-1	0.00453361	0.00285557	0.5	0.434658	
05/08/2019 04:06:12.786739	0.599981	1.3953	775	1400	5.51892	-1	0.0020325	0.00285557	0.5	0.444492	
05/08/2019 04:06:13.786257	0.605207	1.3953	775	1400	5.5201	-1	0.00378706	0.00714142	0.51	0.444492	
05/08/2019 04:06:14.786131	0.595057	1.3953	775	1400	5.51925	-1	0.00378706	0.00714142	0.51	0.454794	
05/08/2019 04:06:15.785908	0.415381	1.3953	775	1400	5.51968	-1	-0.000604805	0.00769468	0.52	0.455575	
05/08/2019 04:06:16.785439	0.60838	1.3953	775	1400	5.51842	-1	-0.000604805	0.00769468	0.52	0.465409	
05/08/2019 04:06:17.784939	0.581907	1.3953	775	1400	5.5192	-1	0.00152584	0.00872654	0.53	0.465955	
05/08/2019 04:06:18.784562	0.620831	1.3953	775	1400	5.51891	-1	0.00152584	0.00872654	0.53	0.475633	
05/08/2019 04:06:19.784073	0.589789	1.3953	775	1400	5.51737	-1	-0.00574469	-0.00527156	0.54	0.476336	
05/08/2019 04:06:20.783983	0.605083	1.3953	775	1400	5.51742	-1	-0.00574469	-0.00527156	0.54	0.48617	
05/08/2019 04:06:21.783924	0.603646	1.3953	775	1400	5.51803	-1	-0.00114381	0.00233083	0.55	0.486794	
05/08/2019 04:06:22.783121	0.595672	1.3953	775	1400	5.51705	-1	-0.00114381	0.00233083	0.55	0.496472	
05/08/2019 04:06:23.782627	0.60049	1.3953	775	1400	5.5173	-1	-0.00504654	0.00511344	0.56	0.497331	
05/08/2019 04:06:24.782544	0.590477	1.3953	775	1400	5.51705	-1	-0.00504654	0.00511344	0.56	0.506852	
05/08/2019 04:06:25.782279	0.58302	1.3953	775	1400	5.51711	-1	-5.10584e-05	0.00133783	0.57	0.507789	
05/08/2019 04:06:26.782183	0.562311	1.3953	775	1400	5.5168	-1	-5.10584e-05	0.00133783	0.57	0.517467	
05/08/2019 04:06:27.781700	0.584629	1.3953	775	1400	5.51711	-1	0.00115255	0.00264093	0.58	0.518326	
05/08/2019 04:06:28.781295	0.57824	1.3953	775	1400	5.51711	-1	0.00115255	0.00264093	0.58	0.527613	
05/08/2019 04:06:29.780864	0.564381	1.3953	775	1400	5.51555	-1	0.00290223	-0.00684373	0.59	0.528862	
05/08/2019 04:06:30.780497	0.591951	1.3953	775	1400	5.51577	-1	0.00290223	-0.00684373	0.59	0.538306	
05/08/2019 04:06:31.779985	0.566472	1.3953	775	1400	5.51662	-1	0.00209003	0.00280462	0.6	0.539164	
05/08/2019 04:06:32.779527	0.574291	1.3953	775	1400	5.5155	-1	0.00209003	0.00280462	0.6	0.548608	
05/08/2019 04:06:33.779254	0.575465	1.3953	775	1400	5.51417	-1	0.00517316	-0.000944463	0.61	0.549779	
05/08/2019 04:06:34.778923	0.42256	1.3953	775	1400	5.51508	-1	0.00517316	-0.000944463	0.61	0.559301	
05/08/2019 04:06:35.778543	0.564739	1.3953	775	1400	5.51522	-1	0.000372701	-0.00344001	0.62	0.560081	
05/08/2019 04:06:36.778385	0.538793	1.3953	775	1400	5.51539	-1	0.000372701	-0.00344001	0.62	0.569291	
05/08/2019 04:06:37.778084	0.562655	1.3953	775	1400	5.51497	-1	0.0036564	-0.00260198	0.63	0.570696	
05/08/2019 04:06:38.777992	0.554118	1.3953	775	1400	5.51553	-1	0.0036564	-0.00260198	0.63	0.58014	
05/08/2019 04:06:39.777491	0.554799	1.3953	775	1400	5.51429	-1	0.000189888	-0.00813146	0.64	0.580998	
05/08/2019 04:06:40.776997	0.559949	1.3953	775	1400	5.51398	-1	0.000189888	-0.00813146	0.64	0.59013	
05/08/2019 04:06:41.776996	0.562094	1.3953	775	1400	5.51349	-1	0.00492678	-0.000790747	0.65	0.591691	
05/08/2019 04:06:42.776317	0.555362	1.3953	775	1400	5.51342	-1	0.00492678	-0.000790747	0.65	0.601134	
05/08/2019 04:06:43.775807	0.544916	1.3953	775	1400	5.51297	-1	0.00357931	-0.00173383	0.66	0.602149	
05/08/2019 04:06:44.775283	0.571278	1.3953	775	1400	5.51253	-1	0.00357931	-0.00173383	0.66	0.610968	
05/08/2019 04:06:45.775289	0.554645	1.3953	775	1400	5.51305	-1	-0.00612589	0.00433316	0.67	0.612607	
05/08/2019 04:06:46.774980	0.553422	1.3953	775	1400	5.51258	-1	-0.00612589	0.00433316	0.67	0.621817	
05/08/2019 04:06:47.774247	0.564218	1.3953	775	1400	5.51273	-1	0.00360707	0.00269492	0.68	0.623066	
05/08/2019 04:06:48.773939	0.563177	1.3953	775	1400	5.51262	-1	0.00360707	0.00269492	0.68	0.631885	
05/08/2019 04:06:49.773956	0.543664	1.3953	775	1400	5.51191	-1	0.00202926	-0.00279441	0.69	0.633758	
05/08/2019 04:06:50.773623	0.545754	1.3953	775	1400	5.51197	-1	0.00202926	-0.00279441	0.69	0.642812	
05/08/2019 04:06:51.773061	0.544551	1.3953	775	1400	5.51201	-1	0.00178205	-0.000120573	0.7	0.644061	
05/08/2019 04:06:52.772881	0.558098	1.3953	775	1400	5.51199	-1	0.00178205	-0.000120573	0.7	0.652802	
05/08/2019 04:06:53.772092	0.530949	1.3953	775	1400	5.51194	-1	-0.00152569	-0.000116646	0.71	0.654519	
05/08/2019 04:06:54.771396	0.547898	1.3953	775	1400	5.51218	-1	-0.00152569	-0.000116646	0.71	0.663807	
05/08/2019 04:06:55.770811	0.537321	1.3953	775	1400	5.51256	-1	0.00158594	0.000708718	0.72	0.665134	
05/08/2019 04:06:56.770261	0.572407	1.3953	775	1400	5.51122	-1	0.00158594	0.000708718	0.72	0.673719	
05/08/2019 04:06:57.770252	0.559933	1.3953	775	1400	5.51092	-1	0.00597902	0.00468087	0.73	0.675514	
05/08/2019 04:06:58.769352	0.571453	1.3953	775	1400	5.51178	-1	0.00597902	0.00468087	0.73	0.684802	
05/08/2019 04:06:59.768722	0.570857	1.3953	775	1400	5.5113	-1	0.00601922	-0.00588608	0.74	0.685973	
05/08/2019 04:07:00.768183	0.5646	1.3953	775	1400	5.51178	-1	0.00601922	-0.00588608	0.74	0.694792	
05/08/2019 04:07:01.767792	0.55127	1.3953	775	1400	5.51233	-1	0.00634121	0.000252297	0.75	0.696353	
05/08/2019 04:07:02.767162	0.56789	1.3953	775	1400	5.51084	-1	0.00634121	0.000252297	0.75	0.705641	
05/08/2019 04:07:03.766756	0.558111	1.3953	775	1400	5.51216	-1	-0.0016808	0.0125063	0.76	0.706889	
05/08/2019 04:07:04.766242	0.558129	1.3953	775	1400	5.51213	-1	-0.0016808	0.0125063	0.76	0.715631	
05/08/2019 04:07:05.765481	0.561327	1.3953	775	1400	5.51217	-1	-0.000726706	0.000278643	0.77	0.717348	
05/08/2019 04:07:06.765177	0.559455	1.3953	775	1400	5.51202	-1	-0.000726706	0.000278643	0.77	0.726558	
05/08/2019 04:07:07.764613	0.571461	1.3953	775	1400	5.51189	-1	0.0050097	4.76694e-05	0.78	0.727806	
05/08/2019 04:07:08.764492	0.544697	1.3953	775	1400	5.51135	-1	0.0050097	4.76694e-05	0.78	0.736626	
05/08/2019 04:07:09.764483	0.575997	1.3953	775	1400	5.51169	-1	0.00666738	0.00380413	0.79	0.738187	
05/08/2019 04:07:10.764374	0.586305	1.3953	775	1400	5.5117	-1	0.00666738	0.00380413	0.79	0.747318	
05/08/2019 04:07:11.764040	0.561129	1.3953	775	1400	5.51343	-1	0.00911357	0.00761071	0.8	0.748645	
05/08/2019 04:07:12.763451	0.576493	1.3953	775	1400	5.51397	-1	0.00911357	0.00761071	0.8	0.757387	
05/08/2019 04:07:13.762653	0.607874	1.3953	775	1400	5.51511	-1	0.00669948	0.00246894	0.81	0.759338	
05/08/2019 04:07:14.762457	0.569883	1.3953	775	1400	5.51555	-1	0.00669948	0.00246894	0.81	0.768001	
05/08/2019 04:07:15.762023	0.569236	1.3953	775	1400	5.51835	-1	0.00945293	0.0103496	0.82	0.769718	
05/08/2019 04:07:16.761740	0.448544	1.3953	775	1400	5.51793	-1	0.00945293	0.0103496	0.82	0.778459	
05/08/2019 04:07:17.761684	0.568306	1.3953	775	1400	5.52159	-1	0.0208925	0.0179298	0.83	0.780177	
05/08/2019 04:07:18.761046	0.579187	1.3953	775	1400	5.52226	-1	0.0208925	0.0179298	0.83	0.788762	
05/08/2019 04:07:19.760086	0.586363	1.3953	775	1400	5.52512	-1	0.017878	0.00931701	0.84	0.790557	
05/08/2019 04:07:20.759533	0.618099	1.3953	775	1400	5.52469	-1	0.017878	0.00931701	0.84	0.79922	
05/08/2019 04:07:21.758539	0.590961	1.3953	775	1400	5.52859	-1	0.0171542	0.0182551	0.85	0.800937	
05/08/2019 04:07:22.757957	0.596803	1.3953	775	1400	5.52742	-1	0.0171542	0.0182551	0.85	0.809757	
05/08/2019 04:07:23.757166	0.426932	1.3953	775	1400	5.53051	-1	0.0200949	0.0249795	0.86	0.81163	
05/08/2019 04:07:24.756246	0.401068	1.3953	775	1400	5.5286	-1	0.0200949	0.0249795	0.86	0.819981	
05/08/2019 04:07:25.755825	0.579298	1.3953	775	1400	5.53808	-1	0.0331239	0.049157	0.87	0.821854	
05/08/2019 04:07:26.755270	0.599897	1.3953	775	1400	5.53765	-1	0.0331239	0.049157	0.87	0.830439	
05/08/2019 04:07:27.755044	0.594465	1.3953	775	1400	5.54582	-1	0.0376546	0.0359058	0.88	0.832547	
05/08/2019 04:07:28.754542	0.602888	1.3953	775	1400	5.54688	-1	0.0376546	0.0359058	0.88	0.841054	
05/08/2019 04:07:29.754256	0.337538	1.3953	775	1400	5.55238	-1	0.0411642	0.0329438	0.89	0.843161	
05/08/2019 04:07:30.753815	0.610144	1.3953	775	1400	5.55315	-1	0.0411642	0.0329438	0.89	0.8512	
05/08/2019 04:07:31.753029	0.595259	1.3953	775	1400	5.56874	-1	0.0411642	0.0622041	0.9	0.85362	
05/08/2019 04:07:32.752692	0.595726	1.3953	775	1400	5.56789	-1	0.070502	0.0622041	0.9	0.862439	
05/08/2019 04:07:33.752668	0.608509	1.3953	775	1400	5.58765	-1	0.0819211	0.0845937	0.91	0.864	
05/08/2019 04:07:34.752311	0.617971	1.3953	775	1400	5.58811	-1	0.0819211	0.0845937	0.91	0.872351	
05/08/2019 04:07:35.751958	0.592638	1.3953	775	1400	5.60804	-1	0.0886527	0.0818542	0.92	0.87438	
05/08/2019 04:07:36.751218	0.597463	1.3953	775	1400	5.60726	-1	0.0886527	0.0818542	0.92	0.882966	
05/08/2019 04:07:37.750796	0.602815	1.3953	775	1400	5.63257	-1	0.108565	0.108178	0.93	0.884839	
05/08/2019 04:07:38.749807	0.60203	1.3953	775	1400	5.63301	-1	0.108565	0.108178	0.93	0.8928	
05/08/2019 04:07:39.749065	0.59018	1.3953	775	1400	5.66388	-1	0.13411	0.128957	0.94	0.895375	
05/08/2019 04:07:40.748832	0.610218	1.3953	775	1400	5.66448	-1	0.13411	0.128957	0.94	0.90357	
05/08/2019 04:07:41.748442	0.597177	1.3953	775	1400	5.69944	-1	0.143967	0.143855	0.95	0.905756	
05/08/2019 04:07:42.748038	0.592925	1.3953	775	1400	5.70051	-1	0.143967	0.143855	0.95	0.913717	
05/08/2019 04:07:43.747792	0.619729	1.3953	775	1400	5.74633	-1	0.189383	0.179594	0.96	0.91637	
05/08/2019 04:07:44.747036	0.622347	1.3953	775	1400	5.74523	-1	0.189383	0.179594	0.96	0.924721	
05/08/2019 04:07:45.746586	0.603267	1.3953	775	1400	5.79447	-1	0.207694	0.208556	0.96	0.926829	
05/08/2019 04:07:46.746032	0.604174	1.3953	775	1400	5.79359	-1	0.207694	0.208556	0.97	0.93479	
05/08/2019 04:07:47.745531	0.607493	1.3953	775	1400	5.85569	-1	0.249975	0.255157	0.97	0.937365	
05/08/2019 04:07:48.744703	0.61396	1.3953	775	1400	5.85595	24.9975	0.249975	0.255157	0.98	0.945638	
05/08/2019 04:07:49.744553	0.605561	1.3953	775	1400	5.92015	26.3967	0.274243	0.263967	0.98	0.947746	
05/08/2019 04:07:50.744107	0.582226	1.3953	775	1400	5.92109	26.3967	0.274243	0.263967	0.99	0.95555	
05/08/2019 04:07:51.743128	0.560915	1.3953	775	1400	5.99538	27.4243	0.335964	0.326958	0.99	0.958282	
05/08/2019 04:07:52.742718	0.592764	1.3953	775	1400	5.99558	32.6958	0.335964	0.326958	1	0.966555	
05/08/2019 04:07:53.742252	0.62832	1.3953	775	1400	6.0785	32.7032	0.338841	0.327032	1	0.968741	
05/08/2019 04:07:54.741745	0.600116	1.3953	775	1400	6.07849	32.7032	0.338841	0.327032	1.01	0.976545	
05/08/2019 04:07:55.741709	0.600255	1.3953	775	1400	6.1679	33.8841	0.338841	0.364634	1.01	0.979199	
05/08/2019 04:07:56.741389	0.608601	1.3953	775	1400	6.16821	36.4634	0.36961	0.364634	1.02	0.987472	
05/08/2019 04:07:57.740426	0.529686	1.3953	775	1400	6.25147	39.1552	0.392659	0.391552	1.02	0.989579	
05/08/2019 04:07:58.740349	0.570962	1.3953	775	1400	6.25177	39.1552	0.392659	0.391552	1.03	0.997306	
05/08/2019 04:07:59.739879	0.617243	1.3953	775	1400	6.36004	43.4643	0.434643	0.435192	1.03	0.99996	
05/08/2019 04:08:00.739876	0.234781	1.3953	775	1400	6.35919	43.4643	0.434643	0.435192	1.04	1.00839	
05/08/2019 04:08:01.739440	0.612218	1.3953	775	1400	6.4763	48.1487	0.484539	0.481487	1.04	1.01065	
05/08/2019 04:08:02.739132	0.566953	1.3953	775	1400	6.47513	48.1487	0.484539	0.481487	1.05	1.01846	
05/08/2019 04:08:03.738222	0.525482	1.3953	775	1400	6.58661	53.3502	0.533502	0.535974	1.05	1.02095	
05/08/2019 04:08:04.738060	0.5835	1.3953	775	1400	6.58618	53.3502	0.533502	0.535974	1.06	1.02899	
05/08/2019 04:08:05.737785	0.598601	1.3953	775	1400	6.72768	59.0196	0.590196	0.592772	1.06	1.03149	
05/08/2019 04:08:06.737552	0.600412	1.3953	775	1400	6.72919	59.0196	0.590196	0.592772	1.07	1.03922	
05/08/2019 04:08:07.737064	0.578873	1.3953	775	1400	6.8683	59.2395	0.608279	0.592395	1.07	1.04211	
05/08/2019 04:08:08.736697	0.613667	1.3953	775	1400	6.86781	59.2395	0.608279	0.592395	1.08	1.0503	
05/08/2019 04:08:09.736439	0.553209	1.3953	775	1400	6.99868	58.1773	0.581773	0.58759	1.08	1.05264	
05/08/2019 04:08:10.735514	0.602676	1.3953	775	1400	6.99866	58.1773	0.581773	0.58759	1.09	1.06013	
05/08/2019 04:08:11.734998	0.0880512	1.3953	775	1400	7.01915	-1	0.578313	0.581973	1.09	1.06302	
05/08/2019 04:08:12.734101	0.120898	1.3953	775	1400	7.01949	-1	0.578313	0.581973	1.1	1.07075	
05/08/2019 04:08:13.734091	0.122714	1.3953	775	1400	7.05007	-1	0.636054	0.615584	1.1	1.0734	
05/08/2019 04:08:14.733579	0.575046	1.3953	775	1400	7.04949	-1	0.636054	0.615584	1.11	1.08082	
05/08/2019 04:08:15.733260	0.0668836	1.3953	775	1400	7.06687	-1	0.685027	0.61751	1.11	1.08386	
05/08/2019 04:08:16.733194	0.495933	1.3953	775	1400	7.0662	-1	0.685027	0.61751	1.12	1.09151	
05/08/2019 04:08:17.732872	0.439572	1.3953	775	1400	7.19118	70.5715	0.705715	0.71027	1.12	1.09448	
05/08/2019 04:08:18.732699	0.0938712	1.3953	775	1400	7.1913	70.5715	0.705715	0.71027	1.13	1.10173	
05/08/2019 04:08:19.732638	0.54612	1.3953	775	1400	7.34557	70.2658	0.70908	0.702658	1.13	1.10486	
05/08/2019 04:08:20.732431	0.546981	1.3953	775	1400	7.34661	70.2658	0.70908	0.702658	1.14	1.1125	
05/08/2019 04:08:21.732422	0.458018	1.3953	775	1400	7.4763	70.2281	0.710547	0.702281	1.14	1.11524	
05/08/2019 04:08:22.731697	0.538881	1.3953	775	1400	7.47663	70.2281	0.710547	0.702281	1.15	1.12273	
05/08/2019 04:08:23.730726	0.524513	1.3953	775	1400	7.63249	73.944	0.744221	0.73944	1.15	1.12577	
05/08/2019 04:08:24.730478	0.501911	1.3953	775	1400	7.63044	73.944	0.744221	0.73944	1.16	1.13303	
05/08/2019 04:08:25.730003	0.49294	1.3953	775	1400	7.7832	76.7364	0.767364	0.785156	1.16	1.13623	
05/08/2019 04:08:26.729342	0.473235	1.3953	775	1400	7.78299	76.7364	0.767364	0.785156	1.17	1.14365	
05/08/2019 04:08:27.729740	0.525245	1.3953	775	1400	7.93993	73.9907	0.739907	0.747937	1.17	1.14661	
05/08/2019 04:08:28.729132	0.547405	1.3953	775	1400	7.93917	73.9907	0.739907	0.747937	1.18	1.15371	
05/08/2019 04:08:29.728741	0.116125	1.3953	775	1400	7.97138	-1	0.728973	0.709765	1.18	1.15715	
05/08/2019 04:08:30.728200	0.52666	1.3953	775	1400	7.97171	-1	0.728973	0.709765	1.19	1.16441	
05/08/2019 04:08:31.727205	0.160615	1.3953	775	1400	8.02012	-1	0.766807	0.740832	1.19	1.16761	
05/08/2019 04:08:32.727144	0.475801	1.3953	775	1400	8.01951	-1	0.766807	0.740832	1.2	1.17479	
05/08/2019 04:08:33.726663	0.550883	1.3953	775	1400	8.19624	80.4812	0.805471	0.804812	1.2	1.17822	
05/08/2019 04:08:34.725799	0.559826	1.3953	775	1400	8.19648	80.4812	0.805471	0.804812	1.21	1.18548	
05/08/2019 04:08:35.725592	0.50386	1.3953	775	1400	8.35565	78.5644	0.788874	0.785644	1.21	1.18868	
05/08/2019 04:08:36.725336	0.451142	1.3953	775	1400	8.3547	78.5644	0.788874	0.785644	1.22	1.19547	
05/08/2019 04:08:37.724531	0.521098	1.3953	775	1400	8.52123	79.2577	0.803318	0.792577	1.22	1.19914	
05/08/2019 04:08:38.724163	0.45854	1.3953	775	1400	8.52075	79.2577	0.803318	0.792577	1.23	1.20608	
05/08/2019 04:08:39.724132	0.480549	1.3953	775	1400	8.67781	81.3352	0.813352	0.819587	1.23	1.20975	
05/08/2019 04:08:40.723286	0.549783	1.3953	775	1400	8.678	81.3352	0.813352	0.819587	1.24	1.21623	
05/08/2019 04:08:41.723176	0.525909	1.3953	775	1400	8.85329	83.1388	0.835368	0.831388	1.24	1.22029	
05/08/2019 04:08:42.722568	0.525647	1.3953	775	1400	8.85489	83.1388	0.835368	0.831388	1.25	1.22716	
05/08/2019 04:08:43.721975	0.542339	1.3953	775	1400	9.03801	82.9144	0.847315	0.829144	1.25	1.23059	
05/08/2019 04:08:44.721154	0.558071	1.3953	775	1400	9.03731	82.9144	0.847315	0.829144	1.26	1.23715	
05/08/2019 04:08:45.721055	0.480184	1.3953	775	1400	9.20236	86.2942	0.865257	0.862942	1.26	1.24105	
05/08/2019 04:08:46.720653	0.539262	1.3953	775	1400	9.20293	86.2942	0.865257	0.862942	1.27	1.24807	
05/08/2019 04:08:47.719947	0.433665	1.3953	775	1400	9.35663	88.197	0.887544	0.88197	1.27	1.25151	
05/08/2019 04:08:48.719190	0.529502	1.3953	775	1400	9.35656	88.197	0.887544	0.88197	1.28	1.25806	
05/08/2019 04:08:49.718280	0.549304	1.3953	775	1400	9.54924	87.3581	0.873581	0.877225	1.28	1.26197	
05/08/2019 04:08:50.718186	0.586771	1.3953	775	1400	9.54877	87.3581	0.873581	0.877225	1.29	1.26884	
05/08/2019 04:08:51.717631	0.535765	1.3953	775	1400	9.73888	88.337	0.88337	0.889267	1.29	1.27235	
05/08/2019 04:08:52.716810	0.620594	1.3953	775	1400	9.73967	88.337	0.88337	0.889267	1.3	1.27898	
05/08/2019 04:08:53.716328	0.565403	1.3953	775	1400	9.94333	88.337	0.90287	0.897074	1.3	1.28281	
05/08/2019 04:08:54.715726	0.610245	1.3953	775	1400	9.94369	89.7074	0.90287	0.897074	1.31	1.28983	
05/08/2019 04:08:55.715314	0.534685	1.3953	775	1400	10.1387	90.287	0.90287	0.909884	1.31	1.29342	
05/08/2019 04:08:56.715261	0.533818	1.3953	775	1400	10.1372	90.9884	0.922502	0.909884	1.32	1.29982	
05/08/2019 04:08:57.714503	0.571751	1.3953	775	1400	10.3642	92.2502	0.922502	0.925681	1.32	1.30388	
05/08/2019 04:08:58.714002	0.610952	1.3953	775	1400	10.3639	92.1785	0.921785	0.925681	1.33	1.31082	
05/08/2019 04:08:59.713708	0.603451	1.3953	775	1400	10.5836	90.8414	0.908414	0.911723	1.33	1.31434	
05/08/2019 04:09:00.712996	0.619992	1.3953	775	1400	10.5824	90.8414	0.908414	0.911723	1.34	1.32074	
05/08/2019 04:09:01.712375	0.235232	1.3953	775	1400	10.6711	92.4133	0.924133	0.955543	1.34	1.32464	
05/08/2019 04:09:02.711428	0.603536	1.3953	775	1400	10.6707	92.4133	0.924133	0.955543	1.35	1.33159	
05/08/2019 04:09:03.710523	0.620354	1.3953	775	1400	10.9013	92.3369	0.923369	0.930786	1.35	1.33518	
05/08/2019 04:09:04.710307	0.615741	1.3953	775	1400	10.9008	92.3369	0.923369	0.930786	1.36	1.34165	
05/08/2019 04:09:05.709988	0.559273	1.3953	775	1400	11.1099	93.2868	0.932868	0.934748	1.36	1.34563	
05/08/2019 04:09:06.709102	0.543314	1.3953	775	1400	11.1091	93.2868	0.932868	0.934748	1.37	1.35219	
05/08/2019 04:09:07.708374	0.610856	1.3953	775	1400	11.337	92.5571	0.925571	0.934365	1.37	1.35609	
05/08/2019 04:09:08.707892	0.605636	1.3953	775	1400	11.3364	92.5571	0.925571	0.934365	1.38	1.36249	
05/08/2019 04:09:09.707061	0.607243	1.3953	775	1400	11.564	93.3242	0.936592	0.933242	1.38	1.36655	
05/08/2019 04:09:10.706303	0.605382	1.3953	775	1400	11.5639	93.3242	0.936592	0.933242	1.39	1.3728	
05/08/2019 04:09:11.705474	0.601007	1.3953	775	1400	11.7857	92.3393	0.929589	0.923393	1.39	1.37709	
05/08/2019 04:09:12.705312	0.590933	1.3953	775	1400	11.7864	92.3393	0.929589	0.923393	1.4	1.3831	
05/08/2019 04:09:13.705119	0.570811	1.3953	775	1400	11.9988	92.7041	0.929589	0.927041	1.4	1.38762	
05/08/2019 04:09:14.704978	0.578726	1.3953	775	1400	11.999	92.7041	0.929391	0.927041	1.41	1.39363	
05/08/2019 04:09:15.704725	0.578726	1.3953	775	1400	12.2156	91.5913	0.929391	0.915913	1.41	1.39816	
05/08/2019 04:09:16.704442	0.589143	1.3953	775	1400	12.2162	91.5913	0.919209	0.915913	1.42	1.40401	
05/08/2019 04:09:17.703750	0.603694	1.3953	775	1400	12.4396	92.1748	0.929838	0.921748	1.42	1.40846	
05/08/2019 04:09:18.703707	0.610316	1.3953	775	1400	12.4399	92.1748	0.929838	0.921748	1.43	1.41439	
05/08/2019 04:09:19.702725	0.574859	1.3953	775	1400	12.6532	92.6515	0.929838	0.926515	1.43	1.41892	
05/08/2019 04:09:20.702614	0.604217	1.3953	775	1400	12.6525	92.6515	0.936292	0.926515	1.44	1.42501	
05/08/2019 04:09:21.702002	0.595108	1.3953	775	1400	12.8711	91.8066	0.919991	0.918066	1.44	1.42938	
05/08/2019 04:09:22.701219	0.60733	1.3953	775	1400	12.872	91.8066	0.919991	0.918066	1.45	1.43539	
05/08/2019 04:09:23.700780	0.604298	1.3953	775	1400	13.0915	90.4461	0.919991	0.904461	1.45	1.43992	
05/08/2019 04:09:24.700630	0.539549	1.3953	775	1400	13.0918	90.4461	0.907313	0.904461	1.46	1.44593	
05/08/2019 04:09:25.700513	0.587475	1.3953	775	1400	13.3058	90.8599	0.913397	0.908599	1.46	1.4503	
05/08/2019 04:09:26.700484	0.607446	1.3953	775	1400	13.3054	90.8599	0.913397	0.908599	1.47	1.45599	
05/08/2019 04:09:27.700194	0.309646	1.3953	775	1400	13.4202	90.508	0.90508	0.930541	1.47	1.46083	
05/08/2019 04:09:28.699359	0.586851	1.3953	775	1400	13.4186	90.508	0.90508	0.930541	1.48	1.46669	
05/08/2019 04:09:29.699157	0.591246	1.3953	775	1400	13.6312	90.5139	0.905139	0.905724	1.48	1.47114	
05/08/2019 04:09:30.698404	0.604164	1.3953	775	1400	13.6316	90.5139	0.905139	0.905724	1.49	1.47691	
05/08/2019 04:09:31.697486	0.594132	1.3953	775	1400	13.8483	90.7773	0.911871	0.907773	1.49	1.48167	
05/08/2019 04:09:32.696709	0.590326	1.3953	775	1400	13.8471	90.7773	0.911871	0.907773	1.5	1.48753	
05/08/2019 04:09:33.695965	0.586488	1.3953	775	1400	14.0621	90.8379	0.908379	0.921017	1.5	1.49205	
05/08/2019 04:09:34.695615	0.598614	1.3953	775	1400	14.0605	90.8379	0.908379	0.921017	1.51	1.49783	
05/08/2019 04:09:35.695512	0.59022	1.3953	775	1400	14.2738	90.4091	0.911937	0.904091	1.51	1.50259	
05/08/2019 04:09:36.694648	0.580673	1.3953	775	1400	14.2747	90.4091	0.911937	0.904091	1.52	1.50844	
05/08/2019 04:09:37.693874	0.581436	1.3953	775	1400	14.4848	89.4655	0.904843	0.894655	1.52	1.51313	
05/08/2019 04:09:38.693778	0.572049	1.3953	775	1400	14.4854	89.4655	0.904843	0.894655	1.53	1.51859	
05/08/2019 04:09:39.692911	0.581813	1.3953	775	1400	14.6951	89.4478	0.902593	0.894478	1.53	1.52351	
05/08/2019 04:09:40.692637	0.583546	1.3953	775	1400	14.6954	89.4478	0.902593	0.894478	1.54	1.52936	
05/08/2019 04:09:41.692267	0.57705	1.3953	775	1400	14.9022	89.2116	0.899016	0.892116	1.54	1.53404	
05/08/2019 04:09:42.691885	0.570292	1.3953	775	1400	14.9016	89.2116	0.899016	0.892116	1.55	1.53927	
05/08/2019 04:09:43.691757	0.596107	1.3953	775	1400	15.1161	89.8664	0.90327	0.898664	1.55	1.54427	
05/08/2019 04:09:44.690913	0.561545	1.3953	775	1400	15.117	89.8664	0.90327	0.898664	1.56	1.55004	
05/08/2019 04:09:45.690565	0.582277	1.3953	775	1400	15.3241	88.4942	0.891176	0.884942	1.56	1.55488	
05/08/2019 04:09:46.690102	0.569372	1.3953	775	1400	15.3246	88.4942	0.891176	0.884942	1.57	1.56011	
05/08/2019 04:09:47.689378	0.467819	1.3953	775	1400	15.4901	87.176	0.87176	0.881699	1.57	1.56518	
05/08/2019 04:09:48.689352	0.578082	1.3953	775	1400	15.4884	87.176	0.87176	0.881699	1.58	1.57104	
05/08/2019 04:09:49.689295	0.553862	1.3953	775	1400	15.6865	89.347	0.89347	0.900937	1.58	1.57595	
05/08/2019 04:09:50.689358	0.531319	1.3953	775	1400	15.6859	89.347	0.89347	0.900937	1.59	1.58079	
05/08/2019 04:09:51.688470	0.442823	1.3953	775	1400	15.8458	89.9987	0.899987	0.905339	1.59	1.58665	
05/08/2019 04:09:52.688706	0.542976	1.3953	775	1400	15.8438	89.9987	0.899987	0.905339	1.6	1.59188	
05/08/2019 04:09:53.688688	0.521552	1.3953	775	1400	16.0338	90.6621	0.906621	0.912802	1.6	1.59679	
05/08/2019 04:09:54.687952	0.516209	1.3953	775	1400	16.0347	90.6621	0.906621	0.912802	1.61	1.60194	
05/08/2019 04:09:55.687894	0.539394	1.3953	775	1400	16.2289	88.9615	0.909999	0.889615	1.61	1.60741	
05/08/2019 04:09:56.687053	0.512716	1.3953	775	1400	16.2278	88.9615	0.909999	0.889615	1.62	1.61248	
05/08/2019 04:09:57.686898	0.524553	1.3953	775	1400	16.4202	91.9498	0.923027	0.919498	1.62	1.61771	
05/08/2019 04:09:58.686022	0.529526	1.3953	775	1400	16.4215	91.9498	0.923027	0.919498	1.63	1.6227	
05/08/2019 04:09:59.685906	0.481207	1.3953	775	1400	16.6004	91.9085	0.930133	0.919085	1.63	1.6284	
05/08/2019 04:10:00.685084	0.537718	1.3953	775	1400	16.5995	91.9085	0.930133	0.919085	1.64	1.63348	
05/08/2019 04:10:01.684223	0.49414	1.3953	775	1400	16.786	93.6095	0.936095	0.947475	1.64	1.63847	
05/08/2019 04:10:02.684513	0.532074	1.3953	775	1400	16.7854	93.6095	0.936095	0.947475	1.65	1.64339	
05/08/2019 04:10:03.684122	0.514336	1.3953	775	1400	16.9771	92.4438	0.924438	0.934654	1.65	1.64916	
05/08/2019 04:10:04.684308	0.517108	1.3953	775	1400	16.9771	92.4438	0.924438	0.934654	1.66	1.65424	
05/08/2019 04:10:05.684152	0.515129	1.3953	775	1400	17.171	94.1572	0.943896	0.941572	1.66	1.66001	
05/08/2019 04:10:06.683227	0.522968	1.3953	775	1400	17.1706	94.1572	0.943896	0.941572	1.67	1.66454	
05/08/2019 04:10:07.683251	0.51588	1.3953	775	1400	17.368	95.8759	0.96002	0.958759	1.67	1.67039	
05/08/2019 04:10:08.682297	0.479202	1.3953	775	1400	17.3677	95.8759	0.96002	0.958759	1.68	1.67507	
05/08/2019 04:10:09.682197	0.503781	1.3953	775	1400	17.5603	95.2962	0.965548	0.952962	1.68	1.68023	
05/08/2019 04:10:10.682116	0.502459	1.3953	775	1400	17.5596	95.2962	0.965548	0.952962	1.69	1.68553	
05/08/2019 04:10:11.681306	0.512682	1.3953	775	1400	17.7557	95.1859	0.951859	0.959712	1.69	1.69146	
05/08/2019 04:10:12.681577	0.498555	1.3953	775	1400	17.7561	95.1859	0.951859	0.959712	1.7	1.69591	
05/08/2019 04:10:13.681644	0.504784	1.3953	775	1400	17.9504	94.9052	0.962831	0.949052	1.7	1.70177	
05/08/2019 04:10:14.681578	0.52618	1.3953	775	1400	17.9506	94.9052	0.962831	0.949052	1.71	1.70629	
05/08/2019 04:10:15.681156	0.528276	1.3953	775	1400	18.1526	95.5035	0.955519	0.955035	1.71	1.7123	
05/08/2019 04:10:16.680628	0.524673	1.3953	775	1400	18.1517	95.5035	0.955519	0.955035	1.72	1.71636	
05/08/2019 04:10:17.679825	0.512251	1.3953	775	1400	18.3499	96.3885	0.973481	0.963885	1.72	1.72276	
05/08/2019 04:10:18.679608	0.474149	1.3953	775	1400	18.3506	96.3885	0.973481	0.963885	1.73	1.72705	
05/08/2019 04:10:19.679760	0.471882	1.3953	775	1400	18.5492	94.442	0.973481	0.94442	1.73	1.7333	
05/08/2019 04:10:20.679058	0.526425	1.3953	775	1400	18.5495	94.442	0.952085	0.94442	1.74	1.73712	
05/08/2019 04:10:21.679063	0.537764	1.3953	775	1400	18.7653	95.2085	0.952085	0.96966	1.74	1.74368	
05/08/2019 04:10:22.678890	0.533381	1.3953	775	1400	18.7644	96.9166	0.969166	0.96966	1.75	1.74774	
05/08/2019 04:10:23.677934	0.532636	1.3953	775	1400	18.9684	96.1445	0.969166	0.961445	1.75	1.75406	
05/08/2019 04:10:24.677082	0.532431	1.3953	775	1400	18.9687	96.1445	0.968436	0.961445	1.76	1.75812	
05/08/2019 04:10:25.676460	0.549886	1.3953	775	1400	19.1806	94.7319	0.968436	0.947319	1.76	1.76467	
05/08/2019 04:10:26.676320	0.54775	1.3953	775	1400	19.1804	94.7319	0.956474	0.947319	1.77	1.76889	
05/08/2019 04:10:27.675605	0.561359	1.3953	775	1400	19.3951	95.3763	0.953763	0.955235	1.77	1.77529	
05/08/2019 04:10:28.675394	0.559849	1.3953	775	1400	19.3946	95.3763	0.953763	0.955235	1.78	1.77872	
05/08/2019 04:10:29.674974	0.562915	1.3953	775	1400	19.6101	95.7517	0.963131	0.957517	1.78	1.78551	
05/08/2019 04:10:30.674374	0.55724	1.3953	775	1400	19.609	95.7517	0.963131	0.957517	1.79	1.78965	
05/08/2019 04:10:31.674354	0.547146	1.3953	775	1400	19.8178	94.9411	0.949411	0.958962	1.79	1.79613	
05/08/2019 04:10:32.674348	0.576613	1.3953	775	1400	19.8174	94.9411	0.949411	0.958962	1.8	1.79964	
05/08/2019 04:10:33.673415	0.532302	1.3953	775	1400	20.0194	94.5258	0.945258	0.95082	1.8	1.80682	
05/08/2019 04:10:34.673323	0.533225	1.3953	775	1400	20.0186	94.5258	0.945258	0.95082	1.81	1.81041	
05/08/2019 04:10:35.673079	0.560912	1.3953	775	1400	20.2295	94.3761	0.945258	0.943761	1.81	1.81712	
05/08/2019 04:10:36.672105	0.557355	1.3953	775	1400	20.2299	94.3761	0.950103	0.943761	1.82	1.82056	
05/08/2019 04:10:37.672144	0.548694	1.3953	775	1400	20.4346	93.1162	0.950103	0.931162	1.82	1.82742	
05/08/2019 04:10:38.671994	0.579936	1.3953	775	1400	20.4345	93.1162	0.933675	0.931162	1.83	1.83133	
05/08/2019 04:10:39.671148	0.562303	1.3953	775	1400	20.6441	93.2627	0.933675	0.932627	1.83	1.83804	
05/08/2019 04:10:40.670944	0.55966	1.3953	775	1400	20.6427	92.7188	0.927188	0.932627	1.84	1.8414	
05/08/2019 04:10:41.670155	0.587863	1.3953	775	1400	20.8594	92.6466	0.927188	0.926466	1.84	1.84826	
05/08/2019 04:10:42.669304	0.58658	1.3953	775	1400	20.8585	92.3736	0.923736	0.926466	1.85	1.85209	
05/08/2019 04:10:43.668748	0.58658	1.3953	775	1400	21.0758	91.4275	0.923736	0.914275	1.85	1.8588	
05/08/2019 04:10:44.668612	0.563658	1.3953	775	1400	21.0754	91.4275	0.92104	0.914275	1.86	1.86223	
05/08/2019 04:10:45.668475	0.587178	1.3953	775	1400	21.2893	91.1552	0.911552	0.912302	1.86	1.86926	
05/08/2019 04:10:46.668175	0.603809	1.3953	775	1400	21.2888	91.1552	0.911552	0.912302	1.87	1.87285	
05/08/2019 04:10:47.667532	0.573364	1.3953	775	1400	21.496	90.5178	0.911552	0.905178	1.87	1.87964	
05/08/2019 04:10:48.666815	0.565662	1.3953	775	1400	21.4957	90.5178	0.909306	0.905178	1.88	1.88307	
05/08/2019 04:10:49.666348	0.589474	1.3953	775	1400	21.7112	90.9668	0.909668	0.914678	1.88	1.89041	
05/08/2019 04:10:50.666012	0.581339	1.3953	775	1400	21.7098	90.9668	0.909668	0.914678	1.89	1.89377	
05/08/2019 04:10:51.665171	0.569718	1.3953	775	1400	21.9169	90.6676	0.908938	0.906676	1.89	1.90063	
05/08/2019 04:10:52.665267	0.589685	1.3953	775	1400	21.9177	90.6676	0.908938	0.906676	1.9	1.90391	
05/08/2019 04:10:53.664415	0.58976	1.3953	775	1400	22.1299	88.8213	0.906879	0.888213	1.9	1.91125	
05/08/2019 04:10:54.663929	0.586798	1.3953	775	1400	22.1282	88.8213	0.906879	0.888213	1.91	1.91453	
05/08/2019 04:10:55.663028	0.608829	1.3953	775	1400	22.3435	88.72	0.8872	0.889832	1.91	1.92194	
05/08/2019 04:10:56.662668	0.610403	1.3953	775	1400	22.3425	88.72	0.8872	0.889832	1.92	1.92483	
05/08/2019 04:10:57.661748	0.607392	1.3953	775	1400	22.561	89.934	0.901834	0.89934	1.92	1.93201	
05/08/2019 04:10:58.661634	0.600215	1.3953	775	1400	22.5616	89.934	0.901834	0.89934	1.93	1.93544	
05/08/2019 04:10:59.661009	0.593425	1.3953	775	1400	22.7709	87.7511	0.886966	0.877511	1.93	1.94262	
05/08/2019 04:11:00.660902	0.602214	1.3953	775	1400	22.7714	87.7511	0.886966	0.877511	1.94	1.94551	
05/08/2019 04:11:01.660885	0.595639	1.3953	775	1400	22.9833	88.7859	0.895102	0.887859	1.94	1.95324	
05/08/2019 04:11:02.660483	0.589373	1.3953	775	1400	22.9825	88.7859	0.895102	0.887859	1.95	1.95613	
05/08/2019 04:11:03.659906	0.594856	1.3953	775	1400	23.1966	89.839	0.900758	0.89839	1.95	1.96354	
05/08/2019 04:11:04.659358	0.591067	1.3953	775	1400	23.1958	89.839	0.900758	0.89839	1.96	1.96627	
05/08/2019 04:11:05.658954	0.617599	1.3953	775	1400	23.4212	90.9699	0.911019	0.909699	1.96	1.97408	
05/08/2019 04:11:06.658617	0.517578	1.3953	775	1400	23.4217	90.9699	0.911019	0.909699	1.97	1.97689	
05/08/2019 04:11:07.657957	0.312361	1.3953	775	1400	23.535	89.0465	0.925202	0.890465	1.97	1.98446	
05/08/2019 04:11:08.657536	0.579479	1.3953	775	1400	23.5349	89.0465	0.925202	0.890465	1.98	1.98719	
05/08/2019 04:11:09.657117	0.601732	1.3953	775	1400	23.755	91.4853	0.914853	0.915007	1.98	1.99499	
05/08/2019 04:11:10.656982	0.516402	1.3953	775	1400	23.754	91.4853	0.914853	0.915007	1.99	1.9978	
05/08/2019 04:11:11.656439	0.24022	1.3953	775	1400	23.8416	90.0061	0.900061	0.92158	1.99	2.00561	
05/08/2019 04:11:12.655982	0.616859	1.3953	775	1400	23.8397	90.0061	0.900061	0.92158	2	2.00826	
05/08/2019 04:11:13.655119	0.29882	1.3953	775	1400	23.9509	92.4904	0.924904	0.936082	2	2.01575	
05/08/2019 04:11:14.654968	0.593834	1.3953	775	1400	23.9509	92.4904	0.924904	0.936082	2.01	2.0188	
05/08/2019 04:11:15.654289	0.606641	1.3953	775	1400	24.1704	90.0598	0.909342	0.900598	2.01	2.02668	
05/08/2019 04:11:16.653720	0.591093	1.3953	775	1400	24.1692	90.0598	0.909342	0.900598	2.02	2.0291	
05/08/2019 04:11:17.653298	0.621595	1.3953	775	1400	24.3995	92.1777	0.921777	0.926026	2.02	2.03698	
05/08/2019 04:11:18.652475	0.552712	1.3953	775	1400	24.3998	92.1777	0.921777	0.926026	2.03	2.0394	
05/08/2019 04:11:19.652126	0.552712	1.3953	775	1400	24.6316	92.092	0.925645	0.92092	2.03	2.04744	
05/08/2019 04:11:20.651506	0.589824	1.3953	775	1400	24.6312	92.092	0.925645	0.92092	2.04	2.0501	
05/08/2019 04:11:21.651241	0.582279	1.3953	775	1400	24.8481	93.2105	0.936323	0.932105	2.04	2.05774	
05/08/2019 04:11:22.650382	0.606694	1.3953	775	1400	24.8479	93.2105	0.936323	0.932105	2.05	2.06016	
05/08/2019 04:11:23.649934	0.606049	1.3953	775	1400	25.0732	92.6993	0.926993	0.929937	2.05	2.06844	
05/08/2019 04:11:24.649470	0.610809	1.3953	775	1400	25.0729	92.6993	0.926993	0.929937	2.06	2.07101	
05/08/2019 04:11:25.648964	0.608549	1.3953	775	1400	25.2979	92.5478	0.930669	0.925478	2.06	2.07874	
05/08/2019 04:11:26.648356	0.587679	1.3953	775	1400	25.299	92.5478	0.930669	0.925478	2.07	2.08131	
05/08/2019 04:11:27.647898	0.596392	1.3953	775	1400	25.5201	92.2414	0.929631	0.922414	2.07	2.08912	
05/08/2019 04:11:28.647479	0.589403	1.3953	775	1400	25.5198	92.2414	0.929631	0.922414	2.08	2.09177	
05/08/2019 04:11:29.646970	0.580501	1.3953	775	1400	25.7372	93.1624	0.931624	0.932507	2.08	2.09966	
05/08/2019 04:11:30.646886	0.565865	1.3953	775	1400	25.7359	93.1624	0.931624	0.932507	2.09	2.102	
05/08/2019 04:11:31.646558	0.476628	1.3953	775	1400	25.9128	93.1107	0.931107	0.934853	2.09	2.11019	
05/08/2019 04:11:32.646285	0.586896	1.3953	775	1400	25.9109	93.1107	0.931107	0.934853	2.1	2.11269	
05/08/2019 04:11:33.646222	0.56644	1.3953	775	1400	26.1209	92.7143	0.927143	0.933278	2.1	2.12049	
05/08/2019 04:11:34.645709	0.119832	1.3953	775	1400	26.1201	92.7143	0.927143	0.933278	2.1	2.12049	
05/08/2019 04:11:35.645134	0.119832	1.3953	775	1400	26.2875	90.6986	0.916489	0.906986	2.1	2.12049	
05/08/2019 04:11:36.644957	0.493489	1.3953	775	1400	26.2883	90.6986	0.916489	0.906986	2.1	2.12049	
05/08/2019 04:11:37.644964	0.522013	1.3953	775	1400	26.4791	89.9444	0.916343	0.899444	2.1	2.12049	
05/08/2019 04:11:38.644721	0.561109	1.3953	775	1400	26.4783	89.9444	0.916343	0.899444	2.1	2.12049	
05/08/2019 04:11:39.644083	0.471318	1.3953	775	1400	26.6465	89.608	0.916343	0.89608	2.1	2.12049	
05/08/2019 04:11:40.643198	0.469412	1.3953	775	1400	26.6459	88.7184	0.887184	0.89608	2.1	2.12049	
05/08/2019 04:11:41.642288	0.511698	1.3953	775	1400	26.839	88.7184	0.887184	0.91094	2.1	2.12049	
05/08/2019 04:11:42.641742	0.514307	1.3953	775	1400	26.8384	91.0466	0.910466	0.91094	2.1	2.12049	
05/08/2019 04:11:43.640811	0.515442	1.3953	775	1400	27.0278	91.0466	0.910466	0.912295	2.1	2.12049	
05/08/2019 04:11:44.640025	0.523591	1.3953	775	1400	27.0284	90.4475	0.904475	0.912295	2.1	2.12049	
05/08/2019 04:11:45.639384	0.534919	1.3953	775	1400	27.2277	90.4475	0.904475	0.905905	2.1	2.12049	
05/08/2019 04:11:46.639331	0.542291	1.3953	775	1400	27.2272	90.5905	0.91797	0.905905	2.1	2.12049	
05/08/2019 04:11:47.638837	0.527831	1.3953	775	1400	27.4168	89.9917	0.91797	0.899917	2.1	2.12049	
05/08/2019 04:11:48.638631	0.528921	1.3953	775	1400	27.4167	89.9917	0.905305	0.899917	2.1	2.12049	
05/08/2019 04:11:49.638619	0.58405	1.3953	775	1400	27.6304	90.5305	0.905305	0.914629	2.1	2.12049	
05/08/2019 04:11:50.637756	0.576324	1.3953	775	1400	27.6292	90.9022	0.909022	0.914629	2.1	2.12049	
05/08/2019 04:11:51.637462	0.521366	1.3953	775	1400	27.8175	90.8309	0.91287	0.908309	2.1	2.12049	
05/08/2019 04:11:52.636696	0.519456	1.3953	775	1400	27.8175	90.8309	0.91287	0.908309	2.1	2.12049	
05/08/2019 04:11:53.635946	0.57506	1.3953	775	1400	28.0254	89.8606	0.906417	0.898606	2.1	2.12049	
05/08/2019 04:11:54.635271	0.534539	1.3953	775	1400	28.0236	89.8606	0.906417	0.898606	2.1	2.12049	
05/08/2019 04:11:55.635066	0.506149	1.3953	775	1400	28.2064	90.6417	0.906417	0.911641	2.1	2.12049	
05/08/2019 04:11:56.634394	0.508713	1.3953	775	1400	28.2058	89.3603	0.893603	0.911641	2.1	2.12049	
05/08/2019 04:11:57.633420	0.508036	1.3953	775	1400	28.3904	89.3603	0.893603	0.911517	2.1	2.12049	
05/08/2019 04:11:58.633355	0.512017	1.3953	775	1400	28.391	90.1373	0.901373	0.911517	2.1	2.12049	
05/08/2019 04:11:59.632718	0.485383	1.3953	775	1400	28.5664	90.0531	0.901373	0.900531	2.1	2.12049	
05/08/2019 04:12:00.631866	0.483874	1.3953	775	1400	28.5658	90.0531	0.91109	0.900531	2.1	2.12049	
05/08/2019 04:12:01.631491	0.566642	1.3953	775	1400	28.7743	91.109	0.91109	0.915482	2.1	2.12049	
05/08/2019 04:12:02.630858	0.158092	1.3953	775	1400	28.7747	91.5482	0.923813	0.915482	2.1	2.12049	
05/08/2019 04:12:03.630012	0.156288	1.3953	775	1400	28.9571	89.9166	0.923813	0.899166	2.1	2.12049	
05/08/2019 04:12:04.629089	0.501884	1.3953	775	1400	28.9573	89.9166	0.909272	0.899166	2.1	2.12049	
05/08/2019 04:12:05.628311	0.475994	1.3953	775	1400	29.1307	90.5392	0.905392	0.909461	2.1	2.12049	
05/08/2019 04:12:06.627639	0.475998	1.3953	775	1400	29.1303	90.5392	0.905392	0.909461	2.1	2.12049	
05/08/2019 04:12:07.626864	0.496789	1.3953	775	1400	29.339	90.5392	0.905392	0.913691	2.1	2.12049	
05/08/2019 04:12:08.626791	0.489091	1.3953	775	1400	29.339	91.3691	0.918744	0.913691	2.1	2.12049	
05/08/2019 04:12:09.625963	0.478552	1.3953	775	1400	29.5149	91.7497	0.918987	0.917497	2.1	2.12049	
