Time	TOPUPCC:rdCurrentB [mA]	PSEK2D1R:set [kV]	PAHB:sCavSet [kV]	PAHR:sCavSet []	TOPUPCC:rdCur [mA]	TOPUPCC:rdEffBoostR [%]	TOPUP1T5G:rdEffBoostRraw []	TOPUP2T5G:rdEffBoostRraw []	PAHB:sDelay [ns]	PAHB:pDelay [ns]	
05/08/2019 14:55:43.977895	0.623852	1.3963	775	1400	46.3456	-1	-0.000135104	-0.00817908	0.44	0.382288	
05/08/2019 14:55:44.977126	0.622049	1.3963	775	1400	46.3449	-1	-0.000135104	0.00466972	0.44	0.382288	
05/08/2019 14:55:45.976581	0.703139	1.3963	775	1400	46.3417	-1	0.00295633	0.00466972	0.45	0.392278	
05/08/2019 14:55:46.976039	0.701797	1.3963	775	1400	46.341	-1	0.00295633	0.00863415	0.45	0.392824	
05/08/2019 14:55:47.975350	0.664149	1.3963	775	1400	46.3393	-1	0.00211814	0.00863415	0.46	0.402658	
05/08/2019 14:55:48.974713	0.657633	1.3963	775	1400	46.3377	-1	0.00211814	0.000310329	0.46	0.402658	
05/08/2019 14:55:49.974532	0.663735	1.3963	775	1400	46.3361	-1	0.00248971	0.000310329	0.47	0.413273	
05/08/2019 14:55:50.973559	0.709292	1.3963	775	1400	46.3347	-1	0.00248971	0.000405399	0.47	0.413273	
05/08/2019 14:55:51.972981	0.689168	1.3963	775	1400	46.3324	-1	0.00178618	0.000405399	0.48	0.423887	
05/08/2019 14:55:52.971992	0.683837	1.3963	775	1400	46.3308	-1	0.00178618	0.00294262	0.48	0.423887	
05/08/2019 14:55:53.971901	0.685683	1.3963	775	1400	46.329	-1	0.00080774	0.00294262	0.49	0.433956	
05/08/2019 14:55:54.971278	0.700037	1.3963	775	1400	46.3282	-1	0.00080774	0.00402576	0.49	0.434736	
05/08/2019 14:55:55.971267	0.700638	1.3963	775	1400	46.3264	-1	-0.00723012	0.00402576	0.5	0.444804	
05/08/2019 14:55:56.970541	0.701456	1.3963	775	1400	46.325	-1	-0.00723012	0.0016115	0.5	0.444804	
05/08/2019 14:55:57.970194	0.705293	1.3963	775	1400	46.323	-1	-0.00486163	0.0016115	0.51	0.455107	
05/08/2019 14:55:58.969237	0.700651	1.3963	775	1400	46.3214	-1	-0.00486163	0.00115798	0.51	0.455107	
05/08/2019 14:55:59.968768	0.69791	1.3963	775	1400	46.3191	-1	-0.000190597	0.00115798	0.52	0.465721	
05/08/2019 14:56:00.968541	0.68784	1.3963	775	1400	46.3169	-1	-0.000190597	0.000213184	0.52	0.465721	
05/08/2019 14:56:01.968473	0.683126	1.3963	775	1400	46.3155	-1	0.0024758	0.000213184	0.53	0.476023	
05/08/2019 14:56:02.967973	0.414508	1.3963	775	1400	46.3146	-1	0.0024758	0.00197396	0.53	0.476023	
05/08/2019 14:56:03.967637	0.413874	1.3963	775	1400	46.3136	-1	-0.00136074	0.00197396	0.54	0.486404	
05/08/2019 14:56:04.967358	0.67537	1.3963	775	1400	46.3109	-1	-0.00136074	-0.00598133	0.54	0.486404	
05/08/2019 14:56:05.967054	0.67447	1.3963	775	1400	46.3085	-1	-0.000500636	-0.00598133	0.55	0.497018	
05/08/2019 14:56:06.966621	0.441311	1.3963	775	1400	46.3056	-1	-0.000500636	-0.00191958	0.55	0.497018	
05/08/2019 14:56:07.966023	0.444103	1.3963	775	1400	46.3037	-1	0.00600186	-0.00191958	0.56	0.507321	
05/08/2019 14:56:08.965811	0.486178	1.3963	775	1400	46.3026	-1	0.00600186	0.00408885	0.56	0.507321	
05/08/2019 14:56:09.965524	0.673128	1.3963	775	1400	46.3015	-1	-0.0031557	0.00408885	0.57	0.517857	
05/08/2019 14:56:10.965709	0.667635	1.3963	775	1400	46.2998	-1	-0.0031557	-0.00249386	0.57	0.517857	
05/08/2019 14:56:11.965398	0.661827	1.3963	775	1400	46.2971	-1	-0.0041121	-0.00249386	0.58	0.52816	
05/08/2019 14:56:12.965482	0.658061	1.3963	775	1400	46.2967	-1	-0.0041121	0.0089029	0.58	0.528784	
05/08/2019 14:56:13.964608	0.655275	1.3963	775	1400	46.2945	-1	-0.001348	0.0089029	0.59	0.538696	
05/08/2019 14:56:14.963680	0.679157	1.3963	775	1400	46.293	-1	-0.001348	0.00207751	0.59	0.538696	
05/08/2019 14:56:15.963188	0.656519	1.3963	775	1400	46.2921	-1	0.00378973	0.00207751	0.6	0.54892	
05/08/2019 14:56:16.961972	0.641194	1.3963	775	1400	46.2895	-1	0.00378973	-0.00646846	0.6	0.549779	
05/08/2019 14:56:17.961651	0.645969	1.3963	775	1400	46.2873	-1	0.000467773	-0.00646846	0.61	0.559769	
05/08/2019 14:56:18.960778	0.666976	1.3963	775	1400	46.2855	-1	0.000467773	0.00138028	0.61	0.559769	
05/08/2019 14:56:19.960579	0.648226	1.3963	775	1400	46.2848	-1	0.00587297	0.00138028	0.62	0.569837	
05/08/2019 14:56:20.959855	0.648635	1.3963	775	1400	46.2826	-1	0.00587297	-0.00572605	0.62	0.570696	
05/08/2019 14:56:21.959880	0.659141	1.3963	775	1400	46.2798	-1	0.00404911	-0.00572605	0.63	0.58053	
05/08/2019 14:56:22.959216	0.664217	1.3963	775	1400	46.2793	-1	0.00404911	0.00858984	0.63	0.58053	
05/08/2019 14:56:23.959285	0.665601	1.3963	775	1400	46.2782	-1	-0.00162869	0.00858984	0.64	0.590442	
05/08/2019 14:56:24.959037	0.640886	1.3963	775	1400	46.2751	-1	-0.00162869	-0.007638	0.64	0.591613	
05/08/2019 14:56:25.958862	0.642448	1.3963	775	1400	46.2735	-1	0.000368493	-0.007638	0.65	0.601447	
05/08/2019 14:56:26.958169	0.655812	1.3963	775	1400	46.2722	-1	0.000368493	0.00111691	0.65	0.602149	
05/08/2019 14:56:27.957737	0.651051	1.3963	775	1400	46.2698	-1	0.00548736	0.00111691	0.66	0.611437	
05/08/2019 14:56:28.957786	0.635711	1.3963	775	1400	46.268	-1	0.00548736	0.00233389	0.66	0.612529	
05/08/2019 14:56:29.957294	0.638319	1.3963	775	1400	46.2675	-1	-0.00126164	0.00233389	0.67	0.622363	
05/08/2019 14:56:30.957067	0.646301	1.3963	775	1400	46.2655	-1	-0.00126164	-0.00517782	0.67	0.623066	
05/08/2019 14:56:31.956722	0.639866	1.3963	775	1400	46.2628	-1	0.00152609	-0.00517782	0.68	0.632354	
05/08/2019 14:56:32.956035	0.639539	1.3963	775	1400	46.262	-1	0.00152609	0.00798639	0.68	0.633837	
05/08/2019 14:56:33.955545	0.624887	1.3963	775	1400	46.2595	-1	0.00370063	0.00798639	0.69	0.643358	
05/08/2019 14:56:34.954947	0.621088	1.3963	775	1400	46.2568	-1	0.00370063	-0.000507206	0.69	0.644139	
05/08/2019 14:56:35.954308	0.641083	1.3963	775	1400	46.2559	-1	-0.000665351	-0.000507206	0.7	0.653349	
05/08/2019 14:56:36.954317	0.480711	1.3963	775	1400	46.2539	-1	-0.000665351	-0.0040164	0.7	0.654519	
05/08/2019 14:56:37.953505	0.481363	1.3963	775	1400	46.2522	-1	-0.00168582	-0.0040164	0.71	0.664197	
05/08/2019 14:56:38.952725	0.613753	1.3963	775	1400	46.2501	-1	-0.00168582	-0.00114814	0.71	0.665212	
05/08/2019 14:56:39.952467	0.612046	1.3963	775	1400	46.2487	-1	0.00250993	-0.00114814	0.72	0.674109	
05/08/2019 14:56:40.952950	0.639781	1.3963	775	1400	46.248	-1	0.00250993	0.00252445	0.72	0.675592	
05/08/2019 14:56:41.952540	0.631117	1.3963	775	1400	46.2456	-1	0.000706848	0.00252445	0.73	0.685192	
05/08/2019 14:56:42.952307	0.632119	1.3963	775	1400	46.2443	-1	0.000706848	0.00390765	0.73	0.686051	
05/08/2019 14:56:43.951320	0.631549	1.3963	775	1400	46.2417	-1	-0.00455487	0.00390765	0.74	0.695182	
05/08/2019 14:56:44.950798	0.629977	1.3963	775	1400	46.2406	-1	-0.00455487	0.00559073	0.74	0.696353	
05/08/2019 14:56:45.950674	0.64247	1.3963	775	1400	46.2385	-1	-0.00213707	0.00559073	0.75	0.706031	
05/08/2019 14:56:46.950195	0.629088	1.3963	775	1400	46.2361	-1	-0.00213707	-0.00149007	0.75	0.706811	
05/08/2019 14:56:47.949665	0.628333	1.3963	775	1400	46.2337	-1	-0.00643554	-0.00149007	0.76	0.715943	
05/08/2019 14:56:48.948889	0.615983	1.3963	775	1400	46.2322	-1	-0.00643554	0.00303179	0.76	0.717348	
05/08/2019 14:56:49.948312	0.615727	1.3963	775	1400	46.231	-1	0.00317537	0.00303179	0.77	0.726792	
05/08/2019 14:56:50.947800	0.625381	1.3963	775	1400	46.2293	-1	0.00317537	-0.0016852	0.77	0.727884	
05/08/2019 14:56:51.947296	0.624736	1.3963	775	1400	46.2273	-1	0.00120554	-0.0016852	0.78	0.737094	
05/08/2019 14:56:52.946347	0.632326	1.3963	775	1400	46.226	-1	0.00120554	0.00307946	0.78	0.738187	
05/08/2019 14:56:53.946593	0.634551	1.3963	775	1400	46.2246	-1	0.00197549	0.00307946	0.79	0.747318	
05/08/2019 14:56:54.946553	0.513183	1.3963	775	1400	46.2227	-1	0.00197549	-0.00251084	0.79	0.748645	
05/08/2019 14:56:55.946359	0.516685	1.3963	775	1400	46.222	-1	0.00169925	-0.00251084	0.8	0.757621	
05/08/2019 14:56:56.945807	0.654203	1.3963	775	1400	46.2198	-1	0.00169925	-0.00624675	0.8	0.75926	
05/08/2019 14:56:57.945365	0.662592	1.3963	775	1400	46.2176	-1	0.00494236	-0.00624675	0.81	0.768391	
05/08/2019 14:56:58.944660	0.657195	1.3963	775	1400	46.216	-1	0.00494236	0.00235146	0.81	0.769718	
05/08/2019 14:56:59.944570	0.655549	1.3963	775	1400	46.2135	-1	-0.000607924	0.00235146	0.82	0.778616	
05/08/2019 14:57:00.943620	0.669099	1.3963	775	1400	46.2121	-1	-0.000607924	0.00418626	0.82	0.780255	
05/08/2019 14:57:01.942698	0.672737	1.3963	775	1400	46.2107	-1	-0.000142251	0.00418626	0.83	0.789386	
05/08/2019 14:57:02.942016	0.686053	1.3963	775	1400	46.2092	-1	-0.000142251	-9.74013e-05	0.83	0.790557	
05/08/2019 14:57:03.941844	0.391855	1.3963	775	1400	46.2063	-1	0.000978012	-9.74013e-05	0.84	0.799454	
05/08/2019 14:57:04.940877	0.389921	1.3963	775	1400	46.2056	-1	0.000978012	0.0137452	0.84	0.800937	
05/08/2019 14:57:05.940763	0.68209	1.3963	775	1400	46.2029	-1	-0.000511478	0.0137452	0.85	0.810069	
05/08/2019 14:57:06.940210	0.671851	1.3963	775	1400	46.2024	-1	-0.000511478	0.00822595	0.85	0.81163	
05/08/2019 14:57:07.940157	0.673265	1.3963	775	1400	46.2009	-1	0.000534938	0.00822595	0.86	0.820215	
05/08/2019 14:57:08.939537	0.335766	1.3963	775	1400	46.1992	-1	0.000534938	-0.000785565	0.86	0.821854	
05/08/2019 14:57:09.939376	0.331243	1.3963	775	1400	46.1964	-1	0.00217978	-0.000785565	0.87	0.83083	
05/08/2019 14:57:10.938376	0.674781	1.3963	775	1400	46.1952	-1	0.00217978	0.00594584	0.87	0.832469	
05/08/2019 14:57:11.937851	0.673624	1.3963	775	1400	46.1942	-1	0.00153614	0.00594584	0.88	0.841132	
05/08/2019 14:57:12.937765	0.678013	1.3963	775	1400	46.1925	-1	0.00153614	-0.0029481	0.88	0.843161	
05/08/2019 14:57:13.936951	0.681583	1.3963	775	1400	46.1897	-1	0.00304163	-0.0029481	0.89	0.851512	
05/08/2019 14:57:14.936805	0.679539	1.3963	775	1400	46.1885	-1	0.00304163	0.00588022	0.89	0.85362	
05/08/2019 14:57:15.936062	0.68435	1.3963	775	1400	46.1868	-1	0.000226667	0.00588022	0.9	0.862283	
05/08/2019 14:57:16.935515	0.695314	1.3963	775	1400	46.1856	-1	0.000226667	0.00129288	0.9	0.864	
05/08/2019 14:57:17.934650	0.681734	1.3963	775	1400	46.1845	-1	-0.00053005	0.00129288	0.91	0.872585	
05/08/2019 14:57:18.933834	0.682055	1.3963	775	1400	46.1804	-1	-0.00053005	-0.0112815	0.91	0.87438	
05/08/2019 14:57:19.933647	0.682809	1.3963	775	1400	46.1791	-1	-3.54629e-05	-0.0112815	0.92	0.8832	
05/08/2019 14:57:20.932673	0.681264	1.3963	775	1400	46.1776	-1	-3.54629e-05	-0.000704031	0.92	0.884917	
05/08/2019 14:57:21.932072	0.691108	1.3963	775	1400	46.1757	-1	0.00275721	-0.000704031	0.93	0.893112	
05/08/2019 14:57:22.931101	0.66128	1.3963	775	1400	46.1757	-1	0.00275721	0.00715007	0.93	0.895375	
05/08/2019 14:57:23.930776	0.664257	1.3963	775	1400	46.1732	-1	0.000902886	0.00715007	0.94	0.903805	
05/08/2019 14:57:24.929910	0.72101	1.3963	775	1400	46.173	-1	0.000902886	0.00786608	0.94	0.905756	
05/08/2019 14:57:25.929233	0.697171	1.3963	775	1400	46.1717	-1	-2.70512e-05	0.00786608	0.95	0.913873	
05/08/2019 14:57:26.928378	0.657054	1.3963	775	1400	46.1698	-1	-2.70512e-05	-0.00177802	0.95	0.91637	
05/08/2019 14:57:27.928315	0.645472	1.3963	775	1400	46.1671	-1	0.00398269	-0.00177802	0.96	0.924878	
05/08/2019 14:57:28.927509	0.661635	1.3963	775	1400	46.168	-1	0.00398269	0.0130042	0.96	0.926907	
05/08/2019 14:57:29.927353	0.611705	1.3963	775	1400	46.1658	-1	0.00403996	0.0130042	0.97	0.934868	
05/08/2019 14:57:30.927338	0.604878	1.3963	775	1400	46.1647	-1	0.00403996	0.00420873	0.97	0.937365	
05/08/2019 14:57:31.927217	0.705439	1.3963	775	1400	46.1631	-1	0.0106094	0.00420873	0.98	0.945794	
05/08/2019 14:57:32.926918	0.188006	1.3963	775	1400	46.1654	-1	0.0106094	0.0140316	0.98	0.947824	
05/08/2019 14:57:33.925997	0.179794	1.3963	775	1400	46.165	-1	0.0152415	0.0140316	0.99	0.955628	
05/08/2019 14:57:34.926000	0.569649	1.3963	775	1400	46.166	-1	0.0152415	0.00637328	0.99	0.958282	
05/08/2019 14:57:35.925945	0.668072	1.3963	775	1400	46.1642	-1	0.0178347	0.00637328	1	0.960545	
05/08/2019 14:57:36.926190	0.148284	1.3963	775	1400	46.1667	-1	0.0178347	0.0159271	1	0.968741	
05/08/2019 14:57:37.925607	0.138453	1.3963	775	1400	46.1654	-1	0.0313742	0.0159271	1.01	0.970926	
05/08/2019 14:57:38.925497	0.657591	1.3963	775	1400	46.171	-1	0.0313742	0.0258794	1.01	0.979199	
05/08/2019 14:57:39.924657	0.13012	1.3963	775	1400	46.1681	-1	0.0491105	0.0258794	1.02	0.981306	
05/08/2019 14:57:40.923773	0.125923	1.3963	775	1400	46.1684	-1	0.0491105	0.0611463	1.02	0.989657	
05/08/2019 14:57:41.923904	0.659898	1.3963	775	1400	46.1652	-1	0.0359092	0.0611463	1.03	0.991609	
05/08/2019 14:57:42.923974	0.658367	1.3963	775	1400	46.1734	-1	0.0359092	0.0430726	1.03	0.99996	
05/08/2019 14:57:43.923364	0.105224	1.3963	775	1400	46.1718	-1	0.0411189	0.0430726	1.04	1.00191	
05/08/2019 14:57:44.923116	0.0989457	1.3963	775	1400	46.1707	-1	0.0411189	0.0104008	1.04	1.01073	
05/08/2019 14:57:45.922957	0.100145	1.3963	775	1400	46.1692	-1	0.0509107	0.0104008	1.05	1.01245	
05/08/2019 14:57:46.922166	0.130705	1.3963	775	1400	46.1761	-1	0.0509107	0.0459357	1.05	1.02095	
05/08/2019 14:57:47.922107	0.122777	1.3963	775	1400	46.1744	-1	0.0661969	0.0459357	1.06	1.02275	
05/08/2019 14:57:48.921169	0.142904	1.3963	775	1400	46.1887	-1	0.0661969	0.0646848	1.06	1.03149	
05/08/2019 14:57:49.920795	0.111302	1.3963	775	1400	46.1875	-1	0.0175843	0.0646848	1.07	1.03344	
05/08/2019 14:57:50.920021	0.107869	1.3963	775	1400	46.1874	-1	0.0175843	0.0285392	1.07	1.04218	
05/08/2019 14:57:51.919393	0.133755	1.3963	775	1400	46.1863	-1	0.079969	0.0285392	1.08	1.04382	
05/08/2019 14:57:52.919141	0.46195	1.3963	775	1400	46.2026	-1	0.079969	0.0802487	1.08	1.05256	
05/08/2019 14:57:53.918169	0.462416	1.3963	775	1400	46.2008	-1	0.0690608	0.0802487	1.09	1.05405	
05/08/2019 14:57:54.917220	0.576322	1.3963	775	1400	46.2178	-1	0.0690608	0.0780015	1.09	1.06302	
05/08/2019 14:57:55.916878	0.107314	1.3963	775	1400	46.2161	-1	0.100675	0.0780015	1.1	1.06419	
05/08/2019 14:57:56.915906	0.103795	1.3963	775	1400	46.218	-1	0.100675	0.087226	1.1	1.0734	
05/08/2019 14:57:57.915254	0.444227	1.3963	775	1400	46.2153	-1	0.0847589	0.087226	1.11	1.07496	
05/08/2019 14:57:58.915226	0.36707	1.3963	775	1400	46.2331	-1	0.0847589	0.0996271	1.11	1.08386	
05/08/2019 14:57:59.914247	0.362499	1.3963	775	1400	46.232	-1	0.110385	0.0996271	1.12	1.08503	
05/08/2019 14:58:00.913408	0.380756	1.3963	775	1400	46.247	-1	0.110385	0.105532	1.12	1.09448	
05/08/2019 14:58:01.912793	0.416468	1.3963	775	1400	46.2453	-1	0.108296	0.105532	1.13	1.09565	
05/08/2019 14:58:02.912741	0.505333	1.3963	775	1400	46.2677	-1	0.108296	0.108081	1.13	1.10493	
05/08/2019 14:58:03.912702	0.119718	1.3963	775	1400	46.2641	-1	0.0784561	0.108081	1.14	1.10587	
05/08/2019 14:58:04.912698	0.0910277	1.3963	775	1400	46.2676	-1	0.0784561	0.152134	1.14	1.11524	
05/08/2019 14:58:05.912220	0.088608	1.3963	775	1400	46.2676	-1	0.0935272	0.152134	1.15	1.11656	
05/08/2019 14:58:06.911816	0.0978924	1.3963	775	1400	46.268	-1	0.0935272	0.011916	1.15	1.12577	
05/08/2019 14:58:07.911117	0.100645	1.3963	775	1400	46.2679	-1	0.0765773	0.011916	1.16	1.12694	
05/08/2019 14:58:08.910414	0.0992437	1.3963	775	1400	46.2689	-1	0.0765773	0.0281385	1.16	1.13623	
05/08/2019 14:58:09.910181	0.408749	1.3963	775	1400	46.2661	-1	0.074334	0.0281385	1.17	1.13717	
05/08/2019 14:58:10.909781	0.390383	1.3963	775	1400	46.2771	-1	0.074334	0.0856257	1.17	1.14669	
05/08/2019 14:58:11.909004	0.382215	1.3963	775	1400	46.2747	-1	0.0954941	0.0856257	1.18	1.14763	
05/08/2019 14:58:12.908740	0.384935	1.3963	775	1400	46.2889	-1	0.0954941	0.10791	1.18	1.15715	
05/08/2019 14:58:13.908336	0.367613	1.3963	775	1400	46.2868	-1	0.103962	0.10791	1.19	1.15801	
05/08/2019 14:58:14.907471	0.340019	1.3963	775	1400	46.3001	-1	0.103962	0.103778	1.19	1.16761	
05/08/2019 14:58:15.907094	0.342664	1.3963	775	1400	46.2986	-1	0.0757529	0.103778	1.2	1.16854	
05/08/2019 14:58:16.907353	0.43242	1.3963	775	1400	46.3087	-1	0.0757529	0.0675489	1.2	1.17822	
05/08/2019 14:58:17.906962	0.394216	1.3963	775	1400	46.3071	-1	0.086493	0.0675489	1.21	1.17892	
05/08/2019 14:58:18.906873	0.383403	1.3963	775	1400	46.3199	-1	0.086493	0.0911818	1.21	1.18868	
05/08/2019 14:58:19.906662	0.383812	1.3963	775	1400	46.3188	-1	0.119628	0.0911818	1.22	1.1893	
05/08/2019 14:58:20.906299	0.494007	1.3963	775	1400	46.3445	-1	0.119628	0.121712	1.22	1.19914	
05/08/2019 14:58:21.906067	0.359425	1.3963	775	1400	46.3427	-1	0.122242	0.121712	1.23	1.19984	
05/08/2019 14:58:22.906019	0.359017	1.3963	775	1400	46.3582	-1	0.122242	0.120207	1.23	1.20975	
05/08/2019 14:58:23.905490	0.381613	1.3963	775	1400	46.3565	-1	0.136639	0.120207	1.24	1.20975	
05/08/2019 14:58:24.905491	0.36334	1.3963	775	1400	46.3761	-1	0.136639	0.139898	1.24	1.22029	
05/08/2019 14:58:25.904824	0.362656	1.3963	775	1400	46.3752	-1	0.171978	0.139898	1.25	1.22029	
05/08/2019 14:58:26.903840	0.480249	1.3963	775	1400	46.4071	-1	0.171978	0.166467	1.25	1.23059	
05/08/2019 14:58:27.903673	0.446941	1.3963	775	1400	46.4046	-1	0.218955	0.166467	1.26	1.23059	
05/08/2019 14:58:28.903095	0.450771	1.3963	775	1400	46.4394	-1	0.218955	0.206671	1.26	1.24097	
05/08/2019 14:58:29.902234	0.462105	1.3963	775	1400	46.4388	-1	0.213008	0.206671	1.27	1.24097	
05/08/2019 14:58:30.902092	0.423655	1.3963	775	1400	46.4761	-1	0.213008	0.20654	1.27	1.25159	
05/08/2019 14:58:31.901181	0.421634	1.3963	775	1400	46.4749	-1	0.265388	0.20654	1.28	1.25159	
05/08/2019 14:58:32.901135	0.108321	1.3963	775	1400	46.5357	26.0239	0.265388	0.260239	1.28	1.26204	
05/08/2019 14:58:33.900743	0.108685	1.3963	775	1400	46.5334	-1	0.259719	0.260239	1.29	1.26204	
05/08/2019 14:58:34.899833	0.132236	1.3963	775	1400	46.5452	-1	0.259719	0.266183	1.29	1.27235	
05/08/2019 14:58:35.899149	0.502239	1.3963	775	1400	46.5439	-1	0.341231	0.266183	1.3	1.27235	
05/08/2019 14:58:36.898759	0.56224	1.3963	775	1400	46.629	33.9337	0.341231	0.339337	1.3	1.28296	
05/08/2019 14:58:37.898094	0.524527	1.3963	775	1400	46.6257	33.9337	0.403099	0.339337	1.31	1.28296	
05/08/2019 14:58:38.897132	0.52295	1.3963	775	1400	46.7081	40.3099	0.403099	0.410192	1.31	1.29334	
05/08/2019 14:58:39.897102	0.109364	1.3963	775	1400	46.707	-1	0.460716	0.410192	1.32	1.29334	
05/08/2019 14:58:40.896550	0.10709	1.3963	775	1400	46.7244	-1	0.460716	0.432414	1.32	1.30388	
05/08/2019 14:58:41.895903	0.109583	1.3963	775	1400	46.7242	-1	0.48952	0.432414	1.33	1.30388	
05/08/2019 14:58:42.895406	0.585088	1.3963	775	1400	46.8356	47.6885	0.48952	0.476885	1.33	1.31434	
05/08/2019 14:58:43.894580	0.592085	1.3963	775	1400	46.8328	47.6885	0.566503	0.476885	1.34	1.31434	
05/08/2019 14:58:44.893898	0.527881	1.3963	775	1400	46.9637	56.6503	0.566503	0.567824	1.34	1.32456	
05/08/2019 14:58:45.893056	0.52465	1.3963	775	1400	46.9626	56.7824	0.606711	0.567824	1.35	1.32456	
05/08/2019 14:58:46.893011	0.600965	1.3963	775	1400	47.1079	60.6711	0.606711	0.609431	1.35	1.33518	
05/08/2019 14:58:47.892571	0.623605	1.3963	775	1400	47.1056	60.9431	0.618872	0.609431	1.36	1.33518	
05/08/2019 14:58:48.892234	0.618112	1.3963	775	1400	47.2581	61.8872	0.618872	0.622771	1.36	1.34563	
05/08/2019 14:58:49.891430	0.613937	1.3963	775	1400	47.2568	62.2771	0.697499	0.622771	1.37	1.34563	
05/08/2019 14:58:50.890773	0.508478	1.3963	775	1400	47.4398	69.4695	0.697499	0.694695	1.37	1.35617	
05/08/2019 14:58:51.889802	0.508938	1.3963	775	1400	47.438	67.1948	0.671948	0.694695	1.38	1.35617	
05/08/2019 14:58:52.889087	0.126957	1.3963	775	1400	47.5979	66.6685	0.671948	0.666685	1.38	1.36655	
05/08/2019 14:58:53.888273	0.127976	1.3963	775	1400	47.5956	66.6685	0.694581	0.666685	1.39	1.36655	
05/08/2019 14:58:54.887750	0.665674	1.3963	775	1400	47.7797	69.4581	0.694581	0.699676	1.39	1.37709	
05/08/2019 14:58:55.887674	0.596369	1.3963	775	1400	47.778	68.424	0.68424	0.699676	1.4	1.37709	
05/08/2019 14:58:56.886681	0.593154	1.3963	775	1400	47.9403	68.424	0.68424	0.691294	1.4	1.38762	
05/08/2019 14:58:57.886760	0.691248	1.3963	775	1400	47.939	69.1294	0.725068	0.691294	1.41	1.38762	
05/08/2019 14:58:58.886686	0.670267	1.3963	775	1400	48.1354	71.4554	0.725068	0.714554	1.41	1.39816	
05/08/2019 14:58:59.886397	0.473195	1.3963	775	1400	48.1321	71.3006	0.713006	0.714554	1.42	1.39816	
05/08/2019 14:59:00.885493	0.476723	1.3963	775	1400	48.2666	71.3006	0.713006	0.722626	1.42	1.40846	
05/08/2019 14:59:01.885364	0.649687	1.3963	775	1400	48.2654	71.3121	0.713121	0.722626	1.43	1.40846	
05/08/2019 14:59:02.885357	0.646367	1.3963	775	1400	48.4481	71.0821	0.713121	0.710821	1.43	1.41884	
05/08/2019 14:59:03.885420	0.70144	1.3963	775	1400	48.4471	71.0821	0.76512	0.710821	1.44	1.41884	
05/08/2019 14:59:04.885389	0.703249	1.3963	775	1400	48.6611	76.4167	0.76512	0.764167	1.44	1.4293	
05/08/2019 14:59:05.884853	0.695053	1.3963	775	1400	48.6583	71.4597	0.714597	0.764167	1.45	1.4293	
05/08/2019 14:59:06.884741	0.693596	1.3963	775	1400	48.8555	71.4597	0.714597	0.72077	1.45	1.43984	
05/08/2019 14:59:07.884695	0.700325	1.3963	775	1400	48.8511	72.077	0.773707	0.72077	1.46	1.43984	
05/08/2019 14:59:08.883973	0.687733	1.3963	775	1400	49.0672	77.3707	0.773707	0.787883	1.46	1.4503	
05/08/2019 14:59:09.883694	0.682682	1.3963	775	1400	49.0653	71.1493	0.711493	0.787883	1.47	1.4503	
05/08/2019 14:59:10.882862	0.698046	1.3963	775	1400	49.2657	71.1493	0.711493	0.712077	1.47	1.46083	
05/08/2019 14:59:11.882781	0.700547	1.3963	775	1400	49.264	71.2077	0.733397	0.712077	1.48	1.46083	
05/08/2019 14:59:12.881905	0.692205	1.3963	775	1400	49.4687	73.3397	0.733397	0.734834	1.48	1.47114	
05/08/2019 14:59:13.882350	0.689769	1.3963	775	1400	49.4672	73.0215	0.730215	0.734834	1.49	1.47114	
05/08/2019 14:59:14.881593	0.692623	1.3963	775	1400	49.6683	73.0215	0.730215	0.731412	1.49	1.48167	
05/08/2019 14:59:15.881820	0.665588	1.3963	775	1400	49.666	73.1412	0.732506	0.731412	1.5	1.48167	
05/08/2019 14:59:16.880953	0.663619	1.3963	775	1400	49.8592	73.2506	0.732506	0.736043	1.5	1.49213	
05/08/2019 14:59:17.880731	0.684129	1.3963	775	1400	49.8573	69.5966	0.695966	0.736043	1.51	1.49213	
05/08/2019 14:59:18.880139	0.323389	1.3963	775	1400	50.0457	69.5966	0.695966	0.696567	1.51	1.50259	
05/08/2019 14:59:19.880331	0.325594	1.3963	775	1400	50.0442	69.6567	0.735141	0.696567	1.52	1.50259	
05/08/2019 14:59:20.879541	0.660046	1.3963	775	1400	50.2369	73.5141	0.735141	0.735298	1.52	1.5132	
05/08/2019 14:59:21.879303	0.677568	1.3963	775	1400	50.2353	69.8103	0.698103	0.735298	1.53	1.5132	
05/08/2019 14:59:22.878532	0.635664	1.3963	775	1400	50.4207	69.0535	0.698103	0.690535	1.53	1.52351	
05/08/2019 14:59:23.878273	0.632953	1.3963	775	1400	50.4188	69.0535	0.694112	0.690535	1.54	1.52351	
05/08/2019 14:59:24.877422	0.631958	1.3963	775	1400	50.5948	69.4112	0.694112	0.703679	1.54	1.53404	
05/08/2019 14:59:25.876741	0.616588	1.3963	775	1400	50.5916	70.3679	0.710508	0.703679	1.55	1.53404	
05/08/2019 14:59:26.875811	0.611591	1.3963	775	1400	50.7637	71.0508	0.710508	0.716591	1.55	1.54427	
05/08/2019 14:59:27.875775	0.626982	1.3963	775	1400	50.7611	68.4685	0.684685	0.716591	1.56	1.54427	
05/08/2019 14:59:28.875657	0.62962	1.3963	775	1400	50.9331	68.4685	0.684685	0.693349	1.56	1.55488	
05/08/2019 14:59:29.875036	0.641345	1.3963	775	1400	50.9315	69.3349	0.717359	0.693349	1.57	1.55488	
05/08/2019 14:59:30.874181	0.638775	1.3963	775	1400	51.1148	71.7359	0.717359	0.723378	1.57	1.56518	
05/08/2019 14:59:31.873376	0.599329	1.3963	775	1400	51.1126	71.5039	0.715039	0.723378	1.58	1.56518	
05/08/2019 14:59:32.872596	0.596257	1.3963	775	1400	51.2807	71.4626	0.715039	0.714626	1.58	1.57588	
05/08/2019 14:59:33.871929	0.606943	1.3963	775	1400	51.2801	71.4626	0.739033	0.714626	1.59	1.57588	
05/08/2019 14:59:34.871914	0.616792	1.3963	775	1400	51.4609	73.4817	0.739033	0.734817	1.59	1.58657	
05/08/2019 14:59:35.871835	0.590643	1.3963	775	1400	51.4584	71.7345	0.717345	0.734817	1.6	1.58657	
05/08/2019 14:59:36.871084	0.588567	1.3963	775	1400	51.6261	71.7345	0.717345	0.723109	1.6	1.59679	
05/08/2019 14:59:37.870967	0.558732	1.3963	775	1400	51.6231	72.3109	0.732881	0.723109	1.61	1.59679	
05/08/2019 14:59:38.870822	0.556389	1.3963	775	1400	51.7842	73.2881	0.732881	0.737338	1.61	1.60741	
05/08/2019 14:59:39.870999	0.606813	1.3963	775	1400	51.7822	73.7338	0.768986	0.737338	1.62	1.60741	
05/08/2019 14:59:40.870341	0.596902	1.3963	775	1400	51.9694	76.8986	0.768986	0.772101	1.62	1.61771	
05/08/2019 14:59:41.870299	0.591738	1.3963	775	1400	51.9672	77.2101	0.791855	0.772101	1.63	1.61771	
05/08/2019 14:59:42.869577	0.595698	1.3963	775	1400	52.1551	79.1855	0.791855	0.798143	1.63	1.62832	
05/08/2019 14:59:43.868641	0.578794	1.3963	775	1400	52.1527	79.8068	0.798068	0.798143	1.64	1.62832	
05/08/2019 14:59:44.868080	0.574548	1.3963	775	1400	52.3355	79.8068	0.798068	0.805652	1.64	1.63855	
05/08/2019 14:59:45.867984	0.585649	1.3963	775	1400	52.334	80.1906	0.801906	0.805652	1.65	1.63855	
05/08/2019 14:59:46.867623	0.579077	1.3963	775	1400	52.5203	80.1906	0.801906	0.811079	1.65	1.64924	
05/08/2019 14:59:47.866678	0.569111	1.3963	775	1400	52.5174	79.9452	0.799452	0.811079	1.66	1.64924	
05/08/2019 14:59:48.866116	0.565139	1.3963	775	1400	52.6977	79.9452	0.799452	0.810298	1.66	1.65993	
05/08/2019 14:59:49.865357	0.578224	1.3963	775	1400	52.6961	81.0298	0.855603	0.810298	1.67	1.65993	
05/08/2019 14:59:50.864909	0.592838	1.3963	775	1400	52.8975	85.5603	0.855603	0.85623	1.67	1.67031	
05/08/2019 14:59:51.864699	0.555685	1.3963	775	1400	52.8961	85.623	0.901087	0.85623	1.68	1.67031	
05/08/2019 14:59:52.864529	0.552665	1.3963	775	1400	53.0945	90.1087	0.901087	0.904037	1.68	1.68023	
05/08/2019 14:59:53.864519	0.578565	1.3963	775	1400	53.0914	90.4037	0.909726	0.904037	1.69	1.68023	
05/08/2019 14:59:54.863954	0.582877	1.3963	775	1400	53.305	90.9726	0.909726	0.929668	1.69	1.69139	
05/08/2019 14:59:55.863862	0.600649	1.3963	775	1400	53.3026	92.9668	0.94392	0.929668	1.7	1.69139	
05/08/2019 14:59:56.863251	0.601747	1.3963	775	1400	53.5271	93.8315	0.94392	0.938315	1.7	1.70177	
05/08/2019 14:59:57.863250	0.561302	1.3963	775	1400	53.5257	92.4441	0.924441	0.938315	1.71	1.70177	
05/08/2019 14:59:58.862277	0.553266	1.3963	775	1400	53.7317	92.4441	0.924441	0.937199	1.71	1.71223	
05/08/2019 14:59:59.861773	0.610929	1.3963	775	1400	53.7293	93.7199	0.954439	0.937199	1.72	1.71223	
05/08/2019 15:00:00.861102	0.603985	1.3963	775	1400	53.9651	95.4439	0.954439	0.957053	1.72	1.72268	
05/08/2019 15:00:01.860820	0.51729	1.3963	775	1400	53.9632	95.4513	0.954513	0.957053	1.73	1.72268	
05/08/2019 15:00:02.860281	0.50721	1.3963	775	1400	54.1578	95.4513	0.954513	0.969165	1.73	1.73322	
05/08/2019 15:00:03.859598	0.604514	1.3963	775	1400	54.1569	93.6195	0.936195	0.969165	1.74	1.73322	
05/08/2019 15:00:04.859119	0.58873	1.3963	775	1400	54.3848	92.4733	0.936195	0.924733	1.74	1.74368	
05/08/2019 15:00:05.858698	0.558963	1.3963	775	1400	54.3826	92.4733	0.933886	0.924733	1.75	1.74368	
05/08/2019 15:00:06.857858	0.557931	1.3963	775	1400	54.5898	93.3886	0.933886	0.938684	1.75	1.75406	
05/08/2019 15:00:07.857541	0.593041	1.3963	775	1400	54.5878	92.7313	0.927313	0.938684	1.76	1.75406	
05/08/2019 15:00:08.857029	0.589405	1.3963	775	1400	54.805	92.7313	0.927313	0.929591	1.76	1.76467	
05/08/2019 15:00:09.856735	0.627243	1.3963	775	1400	54.8045	92.9591	0.93103	0.929591	1.77	1.76467	
05/08/2019 15:00:10.856299	0.611597	1.3963	775	1400	55.037	92.2509	0.93103	0.922509	1.77	1.77529	
05/08/2019 15:00:11.855871	0.610339	1.3963	775	1400	55.0346	90.8489	0.908489	0.922509	1.78	1.77529	
05/08/2019 15:00:12.855565	0.606019	1.3963	775	1400	55.2665	90.248	0.908489	0.90248	1.78	1.78551	
05/08/2019 15:00:13.854594	0.606006	1.3963	775	1400	55.265	87.8006	0.878006	0.90248	1.79	1.78551	
05/08/2019 15:00:14.854485	0.622539	1.3963	775	1400	55.4818	87.6381	0.878006	0.876381	1.79	1.79621	
05/08/2019 15:00:15.853548	0.627658	1.3963	775	1400	55.4803	83.8629	0.838629	0.876381	1.8	1.79621	
05/08/2019 15:00:16.853256	0.428367	1.3963	775	1400	55.6896	83.7682	0.838629	0.837682	1.8	1.80674	
05/08/2019 15:00:17.852660	0.404379	1.3963	775	1400	55.6873	83.7682	0.850116	0.837682	1.81	1.80674	
05/08/2019 15:00:18.851996	0.405876	1.3963	775	1400	55.8231	85.0116	0.850116	0.85048	1.81	1.81712	
05/08/2019 15:00:19.851077	0.623594	1.3963	775	1400	55.8193	84.2215	0.842215	0.85048	1.82	1.81712	
05/08/2019 15:00:20.850476	0.627743	1.3963	775	1400	56.0272	84.2215	0.842215	0.843389	1.82	1.8275	
05/08/2019 15:00:21.850459	0.650075	1.3963	775	1400	56.0255	78.1713	0.781713	0.843389	1.83	1.8275	
05/08/2019 15:00:22.849686	0.669047	1.3963	775	1400	56.2328	77.7984	0.781713	0.777984	1.83	1.83788	
05/08/2019 15:00:23.849026	0.669565	1.3963	775	1400	56.2312	77.7984	0.783319	0.777984	1.84	1.83788	
05/08/2019 15:00:24.848877	0.656489	1.3963	775	1400	56.4411	78.3319	0.783319	0.78943	1.84	1.84826	
05/08/2019 15:00:25.848691	0.651462	1.3963	775	1400	56.4386	78.943	0.79104	0.78943	1.85	1.84826	
05/08/2019 15:00:26.848281	0.657876	1.3963	775	1400	56.648	79.104	0.79104	0.805101	1.85	1.8588	
05/08/2019 15:00:27.848018	0.681969	1.3963	775	1400	56.6468	71.845	0.71845	0.805101	1.86	1.8588	
05/08/2019 15:00:28.847254	0.456527	1.3963	775	1400	56.8424	71.845	0.71845	0.722334	1.86	1.86926	
05/08/2019 15:00:29.847072	0.450532	1.3963	775	1400	56.8397	70.8984	0.708984	0.722334	1.87	1.86926	
05/08/2019 15:00:30.846419	0.683433	1.3963	775	1400	57.0308	70.8627	0.708984	0.708627	1.87	1.87979	
05/08/2019 15:00:31.845527	0.690692	1.3963	775	1400	57.0301	68.2957	0.682957	0.708627	1.88	1.87979	
05/08/2019 15:00:32.844864	0.683093	1.3963	775	1400	57.2156	68.1455	0.682957	0.681455	1.88	1.89025	
05/08/2019 15:00:33.844058	0.694053	1.3963	775	1400	57.212	65.2883	0.652883	0.681455	1.89	1.89025	
05/08/2019 15:00:34.844052	0.687002	1.3963	775	1400	57.3931	65.2883	0.652883	0.672237	1.89	1.90056	
05/08/2019 15:00:35.843577	0.698013	1.3963	775	1400	57.3914	66.8767	0.668767	0.672237	1.9	1.90056	
05/08/2019 15:00:36.843500	0.692772	1.3963	775	1400	57.578	66.8767	0.668767	0.679242	1.9	1.91117	
05/08/2019 15:00:37.842821	0.696598	1.3963	775	1400	57.5747	63.7077	0.637077	0.679242	1.91	1.91117	
05/08/2019 15:00:38.842056	0.69101	1.3963	775	1400	57.7531	63.6476	0.637077	0.636476	1.91	1.92186	
05/08/2019 15:00:39.841828	0.689233	1.3963	775	1400	57.7522	63.6476	0.644493	0.636476	1.92	1.92186	
05/08/2019 15:00:40.842129	0.694775	1.3963	775	1400	57.9332	64.4493	0.644493	0.64489	1.92	1.93193	
05/08/2019 15:00:41.842092	0.691311	1.3963	775	1400	57.9304	63.8645	0.638645	0.64489	1.93	1.93193	
05/08/2019 15:00:42.841223	0.696315	1.3963	775	1400	58.1042	63.4056	0.638645	0.634056	1.93	1.94262	
05/08/2019 15:00:43.840501	0.697202	1.3963	775	1400	58.1034	63.4056	0.668693	0.634056	1.94	1.94262	
05/08/2019 15:00:44.839568	0.696796	1.3963	775	1400	58.2859	65.723	0.668693	0.65723	1.94	1.95324	
05/08/2019 15:00:45.839042	0.69461	1.3963	775	1400	58.2838	65.723	0.67967	0.65723	1.95	1.95324	
05/08/2019 15:00:46.839033	0.678894	1.3963	775	1400	58.4773	67.967	0.67967	0.690695	1.95	1.96354	
05/08/2019 15:00:47.838055	0.681079	1.3963	775	1400	58.4758	66.2473	0.662473	0.690695	1.96	1.96354	
05/08/2019 15:00:48.837585	0.20518	1.3963	775	1400	58.6653	66.2473	0.662473	0.662569	1.96	1.97408	
05/08/2019 15:00:49.837020	0.205069	1.3963	775	1400	58.6633	66.2569	0.692524	0.662569	1.97	1.97408	
05/08/2019 15:00:50.836590	0.611921	1.3963	775	1400	58.8411	69.2524	0.692524	0.695864	1.97	1.98446	
05/08/2019 15:00:51.836438	0.609905	1.3963	775	1400	58.8403	69.5864	0.7062	0.695864	1.98	1.98446	
05/08/2019 15:00:52.835492	0.634237	1.3963	775	1400	59.0177	70.257	0.7062	0.70257	1.98	1.99499	
05/08/2019 15:00:53.835366	0.652374	1.3963	775	1400	59.0148	70.257	0.731522	0.70257	1.99	1.99499	
05/08/2019 15:00:54.834740	0.671546	1.3963	775	1400	59.2099	73.1522	0.731522	0.732765	1.99	2.00561	
05/08/2019 15:00:55.834932	0.672238	1.3963	775	1400	59.2074	69.1364	0.691364	0.732765	2	2.00561	
05/08/2019 15:00:56.834482	0.669301	1.3963	775	1400	59.3921	69.1364	0.691364	0.695281	2	2.01591	
05/08/2019 15:00:57.834486	0.572613	1.3963	775	1400	59.3907	69.5281	0.715892	0.695281	2.01	2.01591	
05/08/2019 15:00:58.834107	0.572163	1.3963	775	1400	59.552	71.1068	0.715892	0.711068	2.01	2.02668	
05/08/2019 15:00:59.833149	0.649992	1.3963	775	1400	59.5494	66.7896	0.667896	0.711068	2.02	2.02668	
05/08/2019 15:01:00.833082	0.538446	1.3963	775	1400	59.7239	66.7896	0.667896	0.68247	2.02	2.03698	
05/08/2019 15:01:01.833089	0.538682	1.3963	775	1400	59.7221	68.247	0.69129	0.68247	2.03	2.03698	
05/08/2019 15:01:02.832262	0.595846	1.3963	775	1400	59.9015	68.8435	0.69129	0.688435	2.03	2.04744	
05/08/2019 15:01:03.831725	0.599722	1.3963	775	1400	59.8992	66.1097	0.661097	0.688435	2.04	2.04744	
05/08/2019 15:01:04.831269	0.619487	1.3963	775	1400	60.0619	66.0682	0.661097	0.660682	2.04	2.05774	
05/08/2019 15:01:05.830778	0.60701	1.3963	775	1400	60.0615	62.834	0.62834	0.660682	2.05	2.05774	
05/08/2019 15:01:06.830594	0.12781	1.3963	775	1400	60.2121	61.8772	0.62834	0.618772	2.05	2.06844	
05/08/2019 15:01:07.830057	0.13131	1.3963	775	1400	60.2109	61.8772	0.649456	0.618772	2.06	2.06844	
05/08/2019 15:01:08.829829	0.523841	1.3963	775	1400	60.3709	64.6881	0.649456	0.646881	2.06	2.07866	
05/08/2019 15:01:09.829632	0.523463	1.3963	775	1400	60.3683	60.2034	0.602034	0.646881	2.07	2.07866	
05/08/2019 15:01:10.829397	0.583139	1.3963	775	1400	60.5102	59.3687	0.602034	0.593687	2.07	2.0892	
05/08/2019 15:01:11.828514	0.53472	1.3963	775	1400	60.5091	54.4291	0.544291	0.593687	2.08	2.0892	
05/08/2019 15:01:12.827662	0.539192	1.3963	775	1400	60.6244	53.9307	0.544291	0.539307	2.08	2.09973	
05/08/2019 15:01:13.827202	0.598767	1.3963	775	1400	60.6216	50.3668	0.503668	0.539307	2.09	2.09973	
05/08/2019 15:01:14.827191	0.448227	1.3963	775	1400	60.738	49.7261	0.503668	0.497261	2.09	2.11019	
05/08/2019 15:01:15.826545	0.109872	1.3963	775	1400	60.7362	-1	0.469754	0.497261	2.1	2.11019	
05/08/2019 15:01:16.825716	0.111533	1.3963	775	1400	60.7546	-1	0.469754	0.452244	2.1	2.12049	
05/08/2019 15:01:17.825464	0.152058	1.3963	775	1400	60.7521	-1	0.433229	0.452244	2.1	2.12049	
05/08/2019 15:01:18.825117	0.151845	1.3963	775	1400	60.7759	-1	0.433229	0.433518	2.1	2.12049	
05/08/2019 15:01:19.825000	0.492721	1.3963	775	1400	60.7756	-1	0.400782	0.433518	2.1	2.12049	
05/08/2019 15:01:20.824416	0.492249	1.3963	775	1400	60.8526	39.2079	0.400782	0.392079	2.1	2.12049	
05/08/2019 15:01:21.823989	0.574229	1.3963	775	1400	60.8506	39.2079	0.408423	0.392079	2.1	2.12049	
05/08/2019 15:01:22.823754	0.575477	1.3963	775	1400	60.9423	40.7464	0.408423	0.407464	2.1	2.12049	
05/08/2019 15:01:23.823275	0.581202	1.3963	775	1400	60.9404	38.3238	0.383238	0.407464	2.1	2.12049	
05/08/2019 15:01:24.823044	0.451072	1.3963	775	1400	61.0281	38.3238	0.383238	0.38832	2.1	2.12049	
05/08/2019 15:01:25.822746	0.123124	1.3963	775	1400	61.025	-1	0.354001	0.38832	2.1	2.12049	
05/08/2019 15:01:26.822470	0.117709	1.3963	775	1400	61.0404	-1	0.354001	0.394338	2.1	2.12049	
05/08/2019 15:01:27.822199	0.498287	1.3963	775	1400	61.0384	-1	0.459492	0.394338	2.1	2.12049	
05/08/2019 15:01:28.821988	0.54846	1.3963	775	1400	61.1386	45.9492	0.459492	0.465534	2.1	2.12049	
05/08/2019 15:01:29.821142	0.471789	1.3963	775	1400	61.1382	38.0757	0.380757	0.465534	2.1	2.12049	
05/08/2019 15:01:30.820289	0.466304	1.3963	775	1400	61.2052	36.1743	0.380757	0.361743	2.1	2.12049	
05/08/2019 15:01:31.820011	0.396135	1.3963	775	1400	61.2032	36.1743	0.37338	0.361743	2.1	2.12049	
05/08/2019 15:01:32.819938	0.389663	1.3963	775	1400	61.2614	37.338	0.37338	0.385586	2.1	2.12049	
05/08/2019 15:01:33.819409	0.481884	1.3963	775	1400	61.2591	36.989	0.36989	0.385586	2.1	2.12049	
05/08/2019 15:01:34.818816	0.0796985	1.3963	775	1400	61.3293	36.989	0.36989	0.376316	2.1	2.12049	
05/08/2019 15:01:35.818110	0.0722044	1.3963	775	1400	61.3255	37.1018	0.371018	0.376316	2.1	2.12049	
05/08/2019 15:01:36.817793	0.451433	1.3963	775	1400	61.4082	37.1018	0.371018	0.385466	2.1	2.12049	
05/08/2019 15:01:37.817199	0.447569	1.3963	775	1400	61.4073	38.4184	0.384184	0.385466	2.1	2.12049	
05/08/2019 15:01:38.816760	0.535441	1.3963	775	1400	61.4895	37.4859	0.384184	0.374859	2.1	2.12049	
05/08/2019 15:01:39.816314	0.536657	1.3963	775	1400	61.4868	37.4859	0.415162	0.374859	2.1	2.12049	
05/08/2019 15:01:40.815966	0.527101	1.3963	775	1400	61.5846	41.5162	0.415162	0.417137	2.1	2.12049	
05/08/2019 15:01:41.815790	0.477456	1.3963	775	1400	61.5833	37.1066	0.371066	0.417137	2.1	2.12049	
05/08/2019 15:01:42.814965	0.478412	1.3963	775	1400	61.653	37.1066	0.371066	0.371347	2.1	2.12049	
05/08/2019 15:01:43.814249	0.553401	1.3963	775	1400	61.6499	37.1347	0.409754	0.371347	2.1	2.12049	
05/08/2019 15:01:44.814495	0.549854	1.3963	775	1400	61.7411	40.9477	0.409754	0.409477	2.1	2.12049	
05/08/2019 15:01:45.814099	0.547704	1.3963	775	1400	61.7389	39.0064	0.390064	0.409477	2.1	2.12049	
05/08/2019 15:01:46.813122	0.449054	1.3963	775	1400	61.8245	39.0064	0.390064	0.391369	2.1	2.12049	
05/08/2019 15:01:47.813102	0.447438	1.3963	775	1400	61.8214	39.1369	0.406005	0.391369	2.1	2.12049	
05/08/2019 15:01:48.812322	0.433211	1.3963	775	1400	61.9112	40.6005	0.406005	0.415865	2.1	2.12049	
05/08/2019 15:01:49.811894	0.436617	1.3963	775	1400	61.9105	38.3592	0.383592	0.415865	2.1	2.12049	
05/08/2019 15:01:50.811668	0.5287	1.3963	775	1400	61.999	38.0746	0.383592	0.380746	2.1	2.12049	
05/08/2019 15:01:51.810867	0.068417	1.3963	775	1400	61.9965	-1	0.331089	0.380746	2.1	2.12049	
05/08/2019 15:01:52.810989	0.0627882	1.3963	775	1400	62.0044	-1	0.331089	0.417713	2.1	2.12049	
05/08/2019 15:01:53.810610	0.0738293	1.3963	775	1400	62.0012	-1	0.397145	0.417713	2.1	2.12049	
05/08/2019 15:01:54.810335	0.503355	1.3963	775	1400	62.0812	39.7145	0.397145	0.41312	2.1	2.12049	
05/08/2019 15:01:55.809416	0.512791	1.3963	775	1400	62.0779	41.2099	0.412099	0.41312	2.1	2.12049	
05/08/2019 15:01:56.809155	0.502166	1.3963	775	1400	62.1628	40.9103	0.412099	0.409103	2.1	2.12049	
05/08/2019 15:01:57.809127	0.40272	1.3963	775	1400	62.1616	39.7513	0.397513	0.409103	2.1	2.12049	
05/08/2019 15:01:58.809123	0.397708	1.3963	775	1400	62.2226	39.1029	0.397513	0.391029	2.1	2.12049	
05/08/2019 15:01:59.808475	0.516184	1.3963	775	1400	62.2214	39.1029	0.39618	0.391029	2.1	2.12049	
05/08/2019 15:02:00.808544	0.360666	1.3963	775	1400	62.2997	38.567	0.39618	0.38567	2.1	2.12049	
05/08/2019 15:02:01.807818	0.356172	1.3963	775	1400	62.2968	38.567	0.428045	0.38567	2.1	2.12049	
05/08/2019 15:02:02.806970	0.382931	1.3963	775	1400	62.3888	42.8045	0.428045	0.439074	2.1	2.12049	
05/08/2019 15:02:03.806088	0.111735	1.3963	775	1400	62.388	-1	0.319821	0.439074	2.1	2.12049	
05/08/2019 15:02:04.805885	0.106078	1.3963	775	1400	62.3988	-1	0.319821	0.272375	2.1	2.12049	
05/08/2019 15:02:05.805888	0.512714	1.3963	775	1400	62.398	-1	0.373764	0.272375	2.1	2.12049	
05/08/2019 15:02:06.805823	0.516567	1.3963	775	1400	62.4749	37.3764	0.373764	0.376198	2.1	2.12049	
05/08/2019 15:02:07.805267	0.576268	1.3963	775	1400	62.4729	37.4599	0.374599	0.376198	2.1	2.12049	
05/08/2019 15:02:08.804600	0.593339	1.3963	775	1400	62.5605	37.4599	0.374599	0.377516	2.1	2.12049	
05/08/2019 15:02:09.804446	0.59344	1.3963	775	1400	62.5581	37.7085	0.377085	0.377516	2.1	2.12049	
05/08/2019 15:02:10.803715	0.491867	1.3963	775	1400	62.6471	37.4485	0.377085	0.374485	2.1	2.12049	
05/08/2019 15:02:11.803318	0.489333	1.3963	775	1400	62.6453	37.4485	0.400725	0.374485	2.1	2.12049	
05/08/2019 15:02:12.802804	0.503605	1.3963	775	1400	62.73	39.5965	0.400725	0.395965	2.1	2.12049	
05/08/2019 15:02:13.802195	0.50319	1.3963	775	1400	62.7262	39.5965	0.405715	0.395965	2.1	2.12049	
05/08/2019 15:02:14.801717	0.479542	1.3963	775	1400	62.8179	40.5715	0.405715	0.412904	2.1	2.12049	
05/08/2019 15:02:15.800846	0.477708	1.3963	775	1400	62.8155	36.0925	0.360925	0.412904	2.1	2.12049	
05/08/2019 15:02:16.799995	0.486474	1.3963	775	1400	62.8835	36.0925	0.360925	0.361382	2.1	2.12049	
05/08/2019 15:02:17.799193	0.498745	1.3963	775	1400	62.8827	36.1382	0.382515	0.361382	2.1	2.12049	
05/08/2019 15:02:18.799015	0.465242	1.3963	775	1400	62.9551	36.7489	0.382515	0.367489	2.1	2.12049	
05/08/2019 15:02:19.798867	0.462006	1.3963	775	1400	62.9538	36.7489	0.390303	0.367489	2.1	2.12049	
05/08/2019 15:02:20.798312	0.541373	1.3963	775	1400	63.0438	38.2292	0.390303	0.382292	2.1	2.12049	
05/08/2019 15:02:21.797369	0.395413	1.3963	775	1400	63.0429	37.6626	0.376626	0.382292	2.1	2.12049	
05/08/2019 15:02:22.797110	0.390774	1.3963	775	1400	63.1017	37.6626	0.376626	0.382203	2.1	2.12049	
05/08/2019 15:02:23.796928	0.0806173	1.3963	775	1400	63.1	-1	0.403481	0.382203	2.1	2.12049	
05/08/2019 15:02:24.796451	0.0828139	1.3963	775	1400	63.1108	-1	0.403481	0.378379	2.1	2.12049	
05/08/2019 15:02:25.795938	0.436602	1.3963	775	1400	63.1083	-1	0.425515	0.378379	2.1	2.12049	
05/08/2019 15:02:26.795892	0.525093	1.3963	775	1400	63.2031	42.5344	0.425515	0.425344	2.1	2.12049	
05/08/2019 15:02:27.794977	0.522101	1.3963	775	1400	63.2017	41.0481	0.410481	0.425344	2.1	2.12049	
05/08/2019 15:02:28.794891	0.445283	1.3963	775	1400	63.2863	41.0481	0.410481	0.415	2.1	2.12049	
05/08/2019 15:02:29.794397	0.444113	1.3963	775	1400	63.2837	40.2818	0.402818	0.415	2.1	2.12049	
05/08/2019 15:02:30.793948	0.390066	1.3963	775	1400	63.3542	40.2818	0.402818	0.409607	2.1	2.12049	
05/08/2019 15:02:31.793367	0.37249	1.3963	775	1400	63.3515	40.9607	0.421551	0.409607	2.1	2.12049	
05/08/2019 15:02:32.792699	0.370953	1.3963	775	1400	63.4138	42.1551	0.421551	0.437666	2.1	2.12049	
05/08/2019 15:02:33.792634	0.522368	1.3963	775	1400	63.4116	37.8633	0.378633	0.437666	2.1	2.12049	
05/08/2019 15:02:34.791725	0.473935	1.3963	775	1400	63.4885	37.8633	0.378633	0.379948	2.1	2.12049	
05/08/2019 15:02:35.791422	0.400705	1.3963	775	1400	63.4875	37.9948	0.397233	0.379948	2.1	2.12049	
05/08/2019 15:02:36.790822	0.394711	1.3963	775	1400	63.5494	39.7233	0.397233	0.397879	2.1	2.12049	
05/08/2019 15:02:37.790730	0.363652	1.3963	775	1400	63.5466	39.7879	0.448327	0.397879	2.1	2.12049	
05/08/2019 15:02:38.789876	0.359449	1.3963	775	1400	63.609	44.8327	0.448327	0.45392	2.1	2.12049	
05/08/2019 15:02:39.789119	0.510123	1.3963	775	1400	63.6059	41.0422	0.410422	0.45392	2.1	2.12049	
05/08/2019 15:02:40.788936	0.514491	1.3963	775	1400	63.6894	41.0422	0.410422	0.42105	2.1	2.12049	
05/08/2019 15:02:41.788084	0.526238	1.3963	775	1400	63.6861	40.8634	0.408634	0.42105	2.1	2.12049	
05/08/2019 15:02:42.787991	0.541185	1.3963	775	1400	63.7722	40.8634	0.408634	0.412833	2.1	2.12049	
05/08/2019 15:02:43.787291	0.581811	1.3963	775	1400	63.7702	35.9941	0.359941	0.412833	2.1	2.12049	
05/08/2019 15:02:44.786852	0.558641	1.3963	775	1400	63.8613	35.9941	0.359941	0.36446	2.1	2.12049	
05/08/2019 15:02:45.786738	0.557694	1.3963	775	1400	63.8599	36.446	0.384191	0.36446	2.1	2.12049	
05/08/2019 15:02:46.786733	0.522827	1.3963	775	1400	63.949	37.025	0.384191	0.37025	2.1	2.12049	
05/08/2019 15:02:47.785735	0.521843	1.3963	775	1400	63.9453	36.5849	0.365849	0.37025	2.1	2.12049	
05/08/2019 15:02:48.785599	0.488085	1.3963	775	1400	64.0371	36.5849	0.365849	0.370709	2.1	2.12049	
05/08/2019 15:02:49.785250	0.483523	1.3963	775	1400	64.0347	37.0709	0.370985	0.370709	2.1	2.12049	
05/08/2019 15:02:50.784467	0.626057	1.3963	775	1400	64.1269	37.0985	0.370985	0.377438	2.1	2.12049	
05/08/2019 15:02:51.784388	0.471141	1.3963	775	1400	64.1262	34.3808	0.343808	0.377438	2.1	2.12049	
05/08/2019 15:02:52.784269	0.469933	1.3963	775	1400	64.187	32.6819	0.343808	0.326819	2.1	2.12049	
05/08/2019 15:02:53.783770	0.626189	1.3963	775	1400	64.1855	32.6819	0.377512	0.326819	2.1	2.12049	
05/08/2019 15:02:54.783434	0.552517	1.3963	775	1400	64.2777	37.6865	0.377512	0.376865	2.1	2.12049	
05/08/2019 15:02:55.782781	0.548961	1.3963	775	1400	64.276	37.6865	0.381666	0.376865	2.1	2.12049	
05/08/2019 15:02:56.782195	0.539922	1.3963	775	1400	64.3739	38.1666	0.381666	0.38505	2.1	2.12049	
05/08/2019 15:02:57.782505	0.533725	1.3963	775	1400	64.3718	35.9572	0.359572	0.38505	2.1	2.12049	
05/08/2019 15:02:58.781350	0.00188672	1.3963	775	1400	64.4546	35.9572	0.359572	0.363698	2.1	2.12049	
05/08/2019 15:02:59.781248	-0.00222843	1.3963	775	1400	64.4517	35.9572	0.359572	0.363698	2.1	2.12049	
05/08/2019 15:03:00.780672	0.00109096	1.3963	775	1400	64.4489	35.9572	0.359572	0.363698	2.1	2.12049	
05/08/2019 15:03:01.780622	-0.000432673	1.3963	775	1400	64.4481	35.9572	0.359572	0.363698	2.1	2.12049	
05/08/2019 15:03:02.779903	0.00207071	1.3963	775	1400	64.4456	35.9572	0.359572	0.363698	2.1	2.12049	
05/08/2019 15:03:03.779498	0.000476385	1.3963	775	1400	64.4425	35.9572	0.359572	0.363698	2.1	2.12049	
05/08/2019 15:03:04.779244	-0.00300916	1.3963	775	1400	64.4414	35.9572	0.359572	0.363698	2.1	2.12049	
05/08/2019 15:03:05.778316	-0.00172499	1.3963	775	1400	64.4377	35.9572	0.359572	0.363698	2.1	2.12049	
05/08/2019 15:03:06.778600	-0.000737142	1.3963	775	1400	64.4354	35.9572	0.359572	0.363698	2.1	2.12049	
05/08/2019 15:03:07.778090	-0.000322508	1.3963	775	1400	64.4333	35.9572	0.359572	0.363698	2.1	2.12049	
05/08/2019 15:03:08.777325	0.000490236	1.3963	775	1400	64.4305	35.9572	0.359572	0.363698	2.1	2.12049	
05/08/2019 15:03:09.776339	-0.00104995	1.3963	775	1400	64.4288	35.9572	0.359572	0.363698	2.1	2.12049	
05/08/2019 15:03:10.775498	0.00281583	1.3963	775	1400	64.427	35.9572	0.359572	0.363698	2.1	2.12049	
05/08/2019 15:03:11.774641	-0.00043918	1.3963	775	1400	64.4237	35.9572	0.359572	0.363698	2.1	2.12049	
05/08/2019 15:03:12.774195	0.000447942	1.3963	775	1400	64.4225	35.9572	0.359572	0.363698	2.1	2.12049	
05/08/2019 15:03:13.774028	-0.00275933	1.3963	775	1400	64.4205	35.9572	0.359572	0.363698	2.1	2.12049	
05/08/2019 15:03:14.772893	-0.00141991	1.3963	775	1400	64.4177	35.9572	0.359572	0.363698	2.1	2.12049	
05/08/2019 15:03:15.773148	0.00245163	1.3963	775	1400	64.4147	35.9572	0.359572	0.363698	2.1	2.12049	
05/08/2019 15:03:16.773149	0.00149438	1.3963	775	1400	64.4123	35.9572	0.359572	0.363698	2.1	2.12049	
05/08/2019 15:03:17.772349	0.000337261	1.3963	775	1400	64.4102	35.9572	0.359572	0.363698	2.1	2.12049	
05/08/2019 15:03:18.771410	0.00195811	1.3963	775	1400	64.4079	35.9572	0.359572	0.363698	2.1	2.12049	
05/08/2019 15:03:19.771115	-0.000304082	1.3963	775	1400	64.406	35.9572	0.359572	0.363698	2.1	2.12049	
05/08/2019 15:03:20.770242	-0.00181213	1.3963	775	1400	64.4023	35.9572	0.359572	0.363698	2.1	2.12049	
05/08/2019 15:03:21.770335	0.000129419	1.3963	775	1400	64.4012	35.9572	0.359572	0.363698	2.1	2.12049	
05/08/2019 15:03:22.770032	0.000527924	1.3963	775	1400	64.3992	35.9572	0.359572	0.363698	2.1	2.12049	
05/08/2019 15:03:23.770405	0.000837676	1.3963	775	1400	64.3974	35.9572	0.359572	0.363698	2.1	2.12049	
05/08/2019 15:03:24.768970	0.000867505	1.3963	775	1400	64.3952	35.9572	0.359572	0.363698	2.1	2.12049	
05/08/2019 15:03:25.768943	0.00176181	1.3963	775	1400	64.3923	35.9572	0.359572	0.363698	2.1	2.12049	
05/08/2019 15:03:26.767827	-2.73803e-05	1.3963	775	1400	64.3905	35.9572	0.359572	0.363698	2.1	2.12049	
05/08/2019 15:03:27.768175	0.000356868	1.3963	775	1400	64.3878	35.9572	0.359572	0.363698	2.1	2.12049	
05/08/2019 15:03:28.768004	0.0015643	1.3963	775	1400	64.3866	35.9572	0.359572	0.363698	2.1	2.12049	
05/08/2019 15:03:29.767347	-0.000778125	1.3963	775	1400	64.3833	35.9572	0.359572	0.363698	2.1	2.12049	
05/08/2019 15:03:30.766688	0.00114707	1.3963	775	1400	64.3805	35.9572	0.359572	0.363698	2.1	2.12049	
05/08/2019 15:03:31.765798	-0.0015046	1.3963	775	1400	64.3808	35.9572	0.359572	0.363698	2.1	2.12049	
05/08/2019 15:03:32.764831	-0.000145999	1.3963	775	1400	64.3776	35.9572	0.359572	0.363698	2.1	2.12049	
05/08/2019 15:03:33.764422	-0.000870114	1.3963	775	1400	64.3749	35.9572	0.359572	0.363698	2.1	2.12049	
05/08/2019 15:03:34.764413	-0.000468332	1.3963	775	1400	64.3735	35.9572	0.359572	0.363698	2.1	2.12049	
05/08/2019 15:03:35.764171	-0.00130498	1.3963	775	1400	64.3711	35.9572	0.359572	0.363698	2.1	2.12049	
05/08/2019 15:03:36.764139	-0.000770127	1.3963	775	1400	64.3693	35.9572	0.359572	0.363698	2.1	2.12049	
05/08/2019 15:03:37.763943	-0.00289374	1.3963	775	1400	64.3654	35.9572	0.359572	0.363698	2.1	2.12049	
05/08/2019 15:03:38.763075	-0.00344071	1.3963	775	1400	64.3632	35.9572	0.359572	0.363698	2.1	2.12049	
05/08/2019 15:03:39.763094	-0.00237345	1.3963	775	1400	64.3614	35.9572	0.359572	0.363698	2.1	2.12049	
05/08/2019 15:03:40.762811	-0.00167168	1.3963	775	1400	64.359	35.9572	0.359572	0.363698	2.1	2.12049	
05/08/2019 15:03:41.762193	-0.00261659	1.3963	775	1400	64.3568	35.9572	0.359572	0.363698	2.1	2.12049	
05/08/2019 15:03:42.761737	-0.00345533	1.3963	775	1400	64.3544	35.9572	0.359572	0.363698	2.1	2.12049	
05/08/2019 15:03:43.761314	-0.00217892	1.3963	775	1400	64.3524	35.9572	0.359572	0.363698	2.1	2.12049	
05/08/2019 15:03:44.761180	-0.00156084	1.3963	775	1400	64.3504	35.9572	0.359572	0.363698	2.1	2.12049	
05/08/2019 15:03:45.760706	0.000750188	1.3963	775	1400	64.3477	35.9572	0.359572	0.363698	2.1	2.12049	
05/08/2019 15:03:46.760623	-0.000142345	1.3963	775	1400	64.3455	35.9572	0.359572	0.363698	2.1	2.12049	
05/08/2019 15:03:47.760017	0.00143611	1.3963	775	1400	64.3433	35.9572	0.359572	0.363698	1.72	2.11222	
05/08/2019 15:03:48.759723	-0.000965365	1.3963	775	1400	64.3424	35.9572	0.359572	0.363698	1.72	2.03277	
05/08/2019 15:03:49.759441	0.00109206	1.3963	775	1400	64.339	35.9572	0.359572	0.363698	1.72	1.97938	
05/08/2019 15:03:50.759098	-0.00116128	1.3963	775	1400	64.3372	35.9572	0.359572	0.363698	1.72	1.89978	
05/08/2019 15:03:51.758768	-0.00135971	1.3963	775	1400	64.3341	35.9572	0.359572	0.363698	1.72	1.84639	
05/08/2019 15:03:52.757962	-0.000136096	1.3963	775	1400	64.3317	35.9572	0.359572	0.363698	1.72	1.76725	
05/08/2019 15:03:53.757295	0.000234375	1.3963	775	1400	64.3298	35.9572	0.359572	0.363698	1.72	1.73978	
05/08/2019 15:03:54.756460	-0.000799183	1.3963	775	1400	64.3273	35.9572	0.359572	0.363698	1.72	1.73143	
05/08/2019 15:03:55.755971	-0.00113296	1.3963	775	1400	64.3244	35.9572	0.359572	0.363698	1.72	1.73143	
05/08/2019 15:03:56.755665	-0.000568221	1.3963	775	1400	64.3225	35.9572	0.359572	0.363698	1.72	1.73143	
05/08/2019 15:03:57.755244	-0.0040261	1.3963	775	1400	64.3205	35.9572	0.359572	0.363698	1.72	1.73143	
05/08/2019 15:03:58.754483	-0.00237639	1.3963	775	1400	64.3198	35.9572	0.359572	0.363698	1.72	1.73143	
05/08/2019 15:03:59.753844	0.00134724	1.3963	775	1400	64.316	35.9572	0.359572	0.363698	1.72	1.73143	
05/08/2019 15:04:00.753246	-0.00272273	1.3963	775	1400	64.3128	35.9572	0.359572	0.363698	1.72	1.73143	
05/08/2019 15:04:01.753023	0.000446528	1.3963	775	1400	64.312	35.9572	0.359572	0.363698	1.72	1.73143	
05/08/2019 15:04:02.752236	-0.000215377	1.3963	775	1400	64.3087	35.9572	0.359572	0.363698	1.72	1.73143	
05/08/2019 15:04:03.751647	-2.24519e-05	1.3963	775	1400	64.3074	35.9572	0.359572	0.363698	1.72	1.73143	
05/08/2019 15:04:04.751358	0.00172721	1.3963	775	1400	64.3069	35.9572	0.359572	0.363698	1.72	1.73143	
05/08/2019 15:04:05.750668	0.000931285	1.3963	775	1400	64.3041	35.9572	0.359572	0.363698	1.72	1.73143	
05/08/2019 15:04:06.749914	-0.000154618	1.3963	775	1400	64.3007	35.9572	0.359572	0.363698	1.72	1.73143	
05/08/2019 15:04:07.749531	-0.00240985	1.3963	775	1400	64.2987	35.9572	0.359572	0.363698	1.72	1.73143	
05/08/2019 15:04:08.749353	0.000249676	1.3963	775	1400	64.2963	35.9572	0.359572	0.363698	1.72	1.73143	
05/08/2019 15:04:09.748432	-0.00186012	1.3963	775	1400	64.2929	35.9572	0.359572	0.363698	1.72	1.73143	
05/08/2019 15:04:10.748419	-0.000456575	1.3963	775	1400	64.2915	35.9572	0.359572	0.363698	1.72	1.73143	
05/08/2019 15:04:11.748065	0.00144388	1.3963	775	1400	64.2884	35.9572	0.359572	0.363698	1.72	1.73143	
05/08/2019 15:04:12.747955	0.00267772	1.3963	775	1400	64.286	35.9572	0.359572	0.363698	1.72	1.73143	
05/08/2019 15:04:13.747727	-0.000176587	1.3963	775	1400	64.285	35.9572	0.359572	0.363698	1.72	1.73143	
05/08/2019 15:04:14.747095	0.000324353	1.3963	775	1400	64.2818	35.9572	0.359572	0.363698	1.72	1.73143	
05/08/2019 15:04:15.747144	-0.00103552	1.3963	775	1400	64.2804	35.9572	0.359572	0.363698	1.72	1.73143	
05/08/2019 15:04:16.746765	0.00116076	1.3963	775	1400	64.2791	35.9572	0.359572	0.363698	1.72	1.73143	
05/08/2019 15:04:17.746122	0.000121633	1.3963	775	1400	64.2766	35.9572	0.359572	0.363698	1.72	1.73143	
05/08/2019 15:04:18.745786	-0.000446363	1.3963	775	1400	64.274	35.9572	0.359572	0.363698	1.72	1.73143	
05/08/2019 15:04:19.744975	-0.002126	1.3963	775	1400	64.2712	35.9572	0.359572	0.363698	1.72	1.73143	
05/08/2019 15:04:20.744513	-0.00249235	1.3963	775	1400	64.2692	35.9572	0.359572	0.363698	1.72	1.73143	
05/08/2019 15:04:21.743862	-0.000927967	1.3963	775	1400	64.2679	35.9572	0.359572	0.363698	1.72	1.73143	
05/08/2019 15:04:22.742979	-0.00266124	1.3963	775	1400	64.2648	35.9572	0.359572	0.363698	1.72	1.73143	
05/08/2019 15:04:23.742294	-0.0029093	1.3963	775	1400	64.2621	35.9572	0.359572	0.363698	1.72	1.73143	
05/08/2019 15:04:24.741873	0.00122208	1.3963	775	1400	64.2589	35.9572	0.359572	0.363698	1.72	1.73143	
05/08/2019 15:04:25.741118	-0.00143987	1.3963	775	1400	64.2574	35.9572	0.359572	0.363698	1.72	1.73143	
05/08/2019 15:04:26.740985	-0.0021235	1.3963	775	1400	64.2556	35.9572	0.359572	0.363698	1.72	1.73143	
05/08/2019 15:04:27.740134	-0.00316852	1.3963	775	1400	64.2536	35.9572	0.359572	0.363698	1.72	1.73143	
05/08/2019 15:04:28.739892	-0.000209637	1.3963	775	1400	64.25	35.9572	0.359572	0.363698	1.72	1.73143	
05/08/2019 15:04:29.739326	0.000527023	1.3963	775	1400	64.2492	35.9572	0.359572	0.363698	1.72	1.73143	
05/08/2019 15:04:30.738821	-0.000144067	1.3963	775	1400	64.2466	35.9572	0.359572	0.363698	1.72	1.73143	
05/08/2019 15:04:31.738491	0.00218709	1.3963	775	1400	64.2439	35.9572	0.359572	0.363698	1.72	1.73143	
05/08/2019 15:04:32.737911	-0.00113306	1.3963	775	1400	64.2424	35.9572	0.359572	0.363698	1.72	1.73143	
05/08/2019 15:04:33.737818	0.00204747	1.3963	775	1400	64.2389	35.9572	0.359572	0.363698	1.72	1.73143	
05/08/2019 15:04:34.737379	-8.40259e-05	1.3963	775	1400	64.2364	35.9572	0.359572	0.363698	1.72	1.73143	
05/08/2019 15:04:35.736572	-0.00321729	1.3963	775	1400	64.235	35.9572	0.359572	0.363698	1.72	1.73143	
05/08/2019 15:04:36.736352	-0.000631841	1.3963	775	1400	64.2325	35.9572	0.359572	0.363698	1.72	1.73143	
05/08/2019 15:04:37.736115	-0.000419807	1.3963	775	1400	64.2306	35.9572	0.359572	0.363698	1.72	1.73143	
05/08/2019 15:04:38.735801	-0.00109473	1.3963	775	1400	64.2291	35.9572	0.359572	0.363698	1.72	1.73143	
05/08/2019 15:04:39.735726	0.00014737	1.3963	775	1400	64.2253	35.9572	0.359572	0.363698	1.72	1.73143	
05/08/2019 15:04:40.735479	-0.000347371	1.3963	775	1400	64.2236	35.9572	0.359572	0.363698	1.72	1.73143	
05/08/2019 15:04:41.735371	0.00050718	1.3963	775	1400	64.2201	35.9572	0.359572	0.363698	1.72	1.73143	
05/08/2019 15:04:42.735230	-0.00321725	1.3963	775	1400	64.2191	35.9572	0.359572	0.363698	1.72	1.73143	
05/08/2019 15:04:43.734424	0.00173562	1.3963	775	1400	64.2164	35.9572	0.359572	0.363698	1.72	1.73143	
05/08/2019 15:04:44.733841	0.00043947	1.3963	775	1400	64.2137	35.9572	0.359572	0.363698	1.72	1.73143	
05/08/2019 15:04:45.733337	0.0014431	1.3963	775	1400	64.2117	35.9572	0.359572	0.363698	1.72	1.73143	
05/08/2019 15:04:46.732987	0.000457799	1.3963	775	1400	64.2107	35.9572	0.359572	0.363698	1.72	1.73143	
05/08/2019 15:04:47.732987	-0.00142168	1.3963	775	1400	64.2081	35.9572	0.359572	0.363698	1.72	1.73143	
05/08/2019 15:04:48.732297	-0.00151655	1.3963	775	1400	64.2068	35.9572	0.359572	0.363698	1.72	1.73143	
05/08/2019 15:04:49.731905	-0.00255014	1.3963	775	1400	64.204	35.9572	0.359572	0.363698	1.72	1.73143	
05/08/2019 15:04:50.731556	-0.000627235	1.3963	775	1400	64.2009	35.9572	0.359572	0.363698	1.72	1.73143	
05/08/2019 15:04:51.731095	-0.000668917	1.3963	775	1400	64.2	35.9572	0.359572	0.363698	1.72	1.73143	
05/08/2019 15:04:52.730356	-0.00119278	1.3963	775	1400	64.196	35.9572	0.359572	0.363698	1.72	1.73143	
05/08/2019 15:04:53.729938	-0.000491621	1.3963	775	1400	64.1948	35.9572	0.359572	0.363698	1.72	1.73143	
05/08/2019 15:04:54.729238	-0.00228416	1.3963	775	1400	64.1911	35.9572	0.359572	0.363698	1.72	1.73143	
05/08/2019 15:04:55.728769	-0.000472283	1.3963	775	1400	64.1896	35.9572	0.359572	0.363698	1.72	1.73143	
05/08/2019 15:04:56.728658	0.000189504	1.3963	775	1400	64.1866	35.9572	0.359572	0.363698	1.72	1.73143	
05/08/2019 15:04:57.728347	-0.000388418	1.3963	775	1400	64.185	35.9572	0.359572	0.363698	1.72	1.73143	
05/08/2019 15:04:58.727676	0.00173733	1.3963	775	1400	64.1833	35.9572	0.359572	0.363698	1.72	1.73143	
05/08/2019 15:04:59.727475	-0.0011215	1.3963	775	1400	64.1821	35.9572	0.359572	0.363698	1.72	1.73143	
05/08/2019 15:05:00.727271	-0.000871531	1.3963	775	1400	64.1794	35.9572	0.359572	0.363698	1.72	1.73143	
05/08/2019 15:05:01.727152	-0.00141427	1.3963	775	1400	64.1769	35.9572	0.359572	0.363698	1.72	1.73143	
05/08/2019 15:05:02.726474	-0.00134705	1.3963	775	1400	64.174	35.9572	0.359572	0.363698	1.72	1.73143	
05/08/2019 15:05:03.726004	-0.0014381	1.3963	775	1400	64.1713	35.9572	0.359572	0.363698	1.72	1.73143	
05/08/2019 15:05:04.725924	0.000380329	1.3963	775	1400	64.1693	35.9572	0.359572	0.363698	1.72	1.73143	
05/08/2019 15:05:05.725626	-0.00299367	1.3963	775	1400	64.1666	35.9572	0.359572	0.363698	1.72	1.73143	
05/08/2019 15:05:06.725478	-0.000751243	1.3963	775	1400	64.1634	35.9572	0.359572	0.363698	1.72	1.73143	
05/08/2019 15:05:07.724918	-0.00286461	1.3963	775	1400	64.1616	35.9572	0.359572	0.363698	1.72	1.73143	
05/08/2019 15:05:08.724662	-0.00151516	1.3963	775	1400	64.1588	35.9572	0.359572	0.363698	1.72	1.73143	
05/08/2019 15:05:09.724549	0.000377429	1.3963	775	1400	64.157	35.9572	0.359572	0.363698	1.72	1.73143	
05/08/2019 15:05:10.723860	0.00157321	1.3963	775	1400	64.1551	35.9572	0.359572	0.363698	1.72	1.73143	
05/08/2019 15:05:11.723496	0.00154965	1.3963	775	1400	64.1539	35.9572	0.359572	0.363698	1.72	1.73143	
05/08/2019 15:05:12.723064	0.00152988	1.3963	775	1400	64.1513	35.9572	0.359572	0.363698	1.72	1.73143	
05/08/2019 15:05:13.722809	0.00150377	1.3963	775	1400	64.1487	35.9572	0.359572	0.363698	1.72	1.73143	
05/08/2019 15:05:14.722328	-0.00301071	1.3963	775	1400	64.1462	35.9572	0.359572	0.363698	1.72	1.73143	
05/08/2019 15:05:15.721601	-0.00293581	1.3963	775	1400	64.1437	35.9572	0.359572	0.363698	1.72	1.73143	
05/08/2019 15:05:16.721344	-0.0038968	1.3963	775	1400	64.1411	35.9572	0.359572	0.363698	1.72	1.73143	
05/08/2019 15:05:17.720949	-0.00189559	1.3963	775	1400	64.1384	35.9572	0.359572	0.363698	1.72	1.73143	
05/08/2019 15:05:18.720802	-0.00237039	1.3963	775	1400	64.1362	35.9572	0.359572	0.363698	1.72	1.73143	
05/08/2019 15:05:19.720160	-0.00272685	1.3963	775	1400	64.1353	35.9572	0.359572	0.363698	1.72	1.73143	
05/08/2019 15:05:20.720296	-0.000696619	1.3963	775	1400	64.1322	35.9572	0.359572	0.363698	1.72	1.73143	
05/08/2019 15:05:21.719929	-0.00177134	1.3963	775	1400	64.1309	35.9572	0.359572	0.363698	1.72	1.73143	
05/08/2019 15:05:22.719459	-0.0011443	1.3963	775	1400	64.1281	35.9572	0.359572	0.363698	1.72	1.73143	
05/08/2019 15:05:23.719771	0.000702546	1.3963	775	1400	64.1247	35.9572	0.359572	0.363698	1.72	1.73143	
05/08/2019 15:05:24.718359	0.00196194	1.3963	775	1400	64.1246	35.9572	0.359572	0.363698	1.72	1.73143	
05/08/2019 15:05:25.717886	-0.00248536	1.3963	775	1400	64.1217	35.9572	0.359572	0.363698	1.72	1.73143	
05/08/2019 15:05:26.717834	-0.00162678	1.3963	775	1400	64.1191	35.9572	0.359572	0.363698	1.72	1.73143	
05/08/2019 15:05:27.717083	-5.08952e-05	1.3963	775	1400	64.1173	35.9572	0.359572	0.363698	1.72	1.73143	
05/08/2019 15:05:28.717092	-0.00223111	1.3963	775	1400	64.1147	35.9572	0.359572	0.363698	1.72	1.73143	
05/08/2019 15:05:29.716500	-1.4487e-06	1.3963	775	1400	64.1128	35.9572	0.359572	0.363698	1.72	1.73143	
05/08/2019 15:05:30.715771	-0.000196011	1.3963	775	1400	64.1095	35.9572	0.359572	0.363698	1.72	1.73143	
05/08/2019 15:05:31.715722	-0.000516228	1.3963	775	1400	64.1083	35.9572	0.359572	0.363698	1.72	1.73143	
05/08/2019 15:05:32.715082	-0.00164765	1.3963	775	1400	64.1056	35.9572	0.359572	0.363698	1.72	1.73143	
05/08/2019 15:05:33.714774	-0.000698939	1.3963	775	1400	64.1044	35.9572	0.359572	0.363698	1.72	1.73143	
05/08/2019 15:05:34.714692	-0.000603108	1.3963	775	1400	64.1025	35.9572	0.359572	0.363698	1.72	1.73143	
05/08/2019 15:05:35.714364	0.00156284	1.3963	775	1400	64.0998	35.9572	0.359572	0.363698	1.72	1.73143	
05/08/2019 15:05:36.714368	0.000750317	1.3963	775	1400	64.0973	35.9572	0.359572	0.363698	1.72	1.73143	
05/08/2019 15:05:37.714028	-0.000762397	1.3963	775	1400	64.0951	35.9572	0.359572	0.363698	1.72	1.73143	
05/08/2019 15:05:38.712931	0.000640506	1.3963	775	1400	64.0916	35.9572	0.359572	0.363698	1.72	1.73143	
05/08/2019 15:05:39.712804	-0.00116402	1.3963	775	1400	64.0909	35.9572	0.359572	0.363698	1.72	1.73143	
05/08/2019 15:05:40.712032	-0.000122567	1.3963	775	1400	64.0884	35.9572	0.359572	0.363698	1.72	1.73143	
05/08/2019 15:05:41.712011	-0.00302897	1.3963	775	1400	64.0871	35.9572	0.359572	0.363698	1.72	1.73143	
05/08/2019 15:05:42.711867	-0.00199892	1.3963	775	1400	64.0837	35.9572	0.359572	0.363698	1.72	1.73143	
