Time	PKC00V []	PSEK2D1R:set [kV]	PAHB:sCavSet [kV]	PAHR:sCavSet []	TOPUPCC:rdCur [mA]	TOPUPCC:rdEffBoostR [%]	TOPUP1T5G:rdEffBoostRraw []	TOPUP2T5G:rdEffBoostRraw []	PAHB:sDelay [ns]	PAHB:pDelay [ns]	
05/08/2019 00:57:44.650412	0.124632	1.3953	775	1400	0.455532	89.1004	0.894928	0.891004	0	-0.0703125	
05/08/2019 00:57:45.649533	0.124632	1.3953	775	1400	0.535676	90.6345	0.907653	0.906345	0	-0.0703125	
05/08/2019 00:57:46.649578	0.124632	1.3953	775	1400	0.535356	90.6345	0.907653	0.906345	0.01	-0.0703125	
05/08/2019 00:57:47.648742	0.124632	1.3953	775	1400	0.616587	90.3823	0.91777	0.903823	0.01	-0.0703125	
05/08/2019 00:57:48.648569	0.124632	1.3953	775	1400	0.616262	90.3823	0.91777	0.903823	0.02	-0.0703125	
05/08/2019 00:57:49.647700	0.124632	1.3953	775	1400	0.689824	90.4576	0.904576	0.916802	0.02	-0.0604004	
05/08/2019 00:57:50.647321	0.124632	1.3953	775	1400	0.688981	90.4576	0.904576	0.916802	0.03	-0.0578248	
05/08/2019 00:57:51.646473	0.124632	1.3953	775	1400	0.778975	91.109	0.924462	0.91109	0.03	-0.0473664	
05/08/2019 00:57:52.646302	0.124632	1.3953	775	1400	0.780221	91.109	0.924462	0.91109	0.04	-0.0473664	
05/08/2019 00:57:53.646146	0.124632	1.3953	775	1400	0.863005	89.4392	0.894392	0.900611	0.04	-0.036908	
05/08/2019 00:57:54.646121	0.124632	1.3953	775	1400	0.860418	89.4392	0.894392	0.900611	0.05	-0.036908	
05/08/2019 00:57:55.645943	0.124632	1.3953	775	1400	0.912834	91.7759	0.917759	0.959511	0.05	-0.0262934	
05/08/2019 00:57:56.645572	0.124632	1.3953	775	1400	0.913414	91.7759	0.917759	0.959511	0.06	-0.0262934	
05/08/2019 00:57:57.645358	0.124632	1.3953	775	1400	0.966	92.234	0.944162	0.92234	0.06	-0.0159911	
05/08/2019 00:57:58.644797	0.124632	1.3953	775	1400	0.967069	92.234	0.944162	0.92234	0.07	-0.0159911	
05/08/2019 00:57:59.644287	0.124632	1.3953	775	1400	1.05288	88.5076	0.909808	0.885076	0.07	-0.00545462	
05/08/2019 00:58:00.644326	0.124632	1.3953	775	1400	1.05437	88.5076	0.909808	0.885076	0.08	-0.00545462	
05/08/2019 00:58:01.644129	0.124632	1.3953	775	1400	1.13371	90.5287	0.921961	0.905287	0.08	0.005316	
05/08/2019 00:58:02.643987	0.124632	1.3953	775	1400	1.13345	90.5287	0.921961	0.905287	0.09	0.005316	
05/08/2019 00:58:03.643531	0.124632	1.3953	775	1400	1.20812	91.8024	0.918024	0.940651	0.09	0.0154622	
05/08/2019 00:58:04.643333	0.124632	1.3953	775	1400	1.20703	91.8024	0.918024	0.940651	0.1	0.0154622	
05/08/2019 00:58:05.643147	0.124632	1.3953	775	1400	1.274	92.4919	0.925384	0.924919	0.1	0.0259987	
05/08/2019 00:58:06.642189	0.124632	1.3953	775	1400	1.27442	92.4919	0.925384	0.924919	0.11	0.0259987	
05/08/2019 00:58:07.642097	0.124632	1.3953	775	1400	1.35554	90.976	0.936304	0.90976	0.11	0.0366132	
05/08/2019 00:58:08.641215	0.124632	1.3953	775	1400	1.35516	90.976	0.936304	0.90976	0.12	0.0366132	
05/08/2019 00:58:09.640528	0.124632	1.3953	775	1400	1.43525	89.3388	0.895975	0.893388	0.12	0.0471497	
05/08/2019 00:58:10.639716	0.124632	1.3953	775	1400	1.43567	89.3388	0.895975	0.893388	0.13	0.0471497	
05/08/2019 00:58:11.639726	0.124632	1.3953	775	1400	1.43589	89.3388	0.895975	0.893388	0.13	0.0575301	
05/08/2019 00:58:12.638792	0.124632	1.3953	775	1400	1.43549	89.3388	0.895975	0.893388	0.14	0.0575301	
05/08/2019 00:58:13.638650	0.124632	1.3953	775	1400	1.43776	89.3388	0.895975	0.893388	0.14	0.0575301	
05/08/2019 00:58:14.638485	0.124632	1.3953	775	1400	1.43658	89.3388	0.895975	0.893388	0.14	0.0673642	
05/08/2019 00:58:15.638401	0.124632	1.3953	775	1400	1.43733	89.3388	0.895975	0.893388	0.14	0.0679105	
05/08/2019 00:58:16.638401	0.124632	1.3953	775	1400	1.43605	89.3388	0.895975	0.893388	0.14	0.0679105	
05/08/2019 00:58:17.637731	0.124632	1.3953	775	1400	1.43606	89.3388	0.895975	0.893388	0.14	0.0679105	
05/08/2019 00:58:18.637542	0.124632	1.3953	775	1400	1.43725	89.3388	0.895975	0.893388	0.14	0.0679105	
05/08/2019 00:58:19.636586	0.124632	1.3953	775	1400	1.43717	89.3388	0.895975	0.893388	0.14	0.0679105	
05/08/2019 00:58:20.636357	0.124632	1.3953	775	1400	1.4366	89.3388	0.895975	0.893388	0.14	0.0679105	
05/08/2019 00:58:21.635964	0.124632	1.3953	775	1400	1.43613	89.3388	0.895975	0.893388	0	0.0649447	
05/08/2019 00:58:22.635741	0.124632	1.3953	775	1400	1.4351	89.3388	0.895975	0.893388	0	0.0114037	
05/08/2019 00:58:23.635636	0.124632	1.3953	775	1400	1.43549	89.3388	0.895975	0.893388	0	-0.0538444	
05/08/2019 00:58:24.635401	0.124632	1.3953	775	1400	1.43528	89.3388	0.895975	0.893388	0	-0.0682833	
05/08/2019 00:58:25.635348	0.124632	1.3953	775	1400	1.43667	89.3388	0.895975	0.893388	0	-0.0703125	
05/08/2019 00:58:26.635161	0.124632	1.3953	775	1400	1.43725	89.3388	0.895975	0.893388	0	-0.0703125	
05/08/2019 00:58:27.634634	0.124632	1.3953	775	1400	1.43698	89.3388	0.895975	0.893388	0	-0.0703125	
05/08/2019 00:58:28.634161	0.124632	1.3953	775	1400	1.43737	89.3388	0.895975	0.893388	0	-0.0703125	
05/08/2019 00:58:29.633915	0.124632	1.3953	775	1400	1.43584	89.3388	0.895975	0.893388	0	-0.0703125	
05/08/2019 00:58:30.633631	0.124632	1.3953	775	1400	1.43719	89.3388	0.895975	0.893388	0	-0.0703125	
05/08/2019 00:58:31.632742	0.124632	1.3953	775	1400	1.43682	89.3388	0.895975	0.893388	0	-0.0703125	
05/08/2019 00:58:32.631766	0.124632	1.3953	775	1400	1.43569	89.3388	0.895975	0.893388	0	-0.0703125	
05/08/2019 00:58:33.631116	0.124632	1.3953	775	1400	1.43573	89.3388	0.895975	0.893388	0	-0.0703125	
05/08/2019 00:58:34.630868	0.124632	1.3953	775	1400	1.43659	89.3388	0.895975	0.893388	0	-0.0703125	
05/08/2019 00:58:35.630615	0.124632	1.3953	775	1400	1.43636	89.3388	0.895975	0.893388	0	-0.0703125	
05/08/2019 00:58:36.630584	0.124632	1.3953	775	1400	1.43767	89.3388	0.895975	0.893388	0	-0.0703125	
05/08/2019 00:58:37.630883	0.124632	1.3953	775	1400	1.43685	89.3388	0.895975	0.893388	0	-0.0703125	
05/08/2019 00:58:38.630031	0.124632	1.3953	775	1400	1.43714	89.3388	0.895975	0.893388	0	-0.0703125	
05/08/2019 00:58:39.630102	0.124632	1.3953	775	1400	1.43682	89.3388	0.895975	0.893388	0	-0.0703125	
05/08/2019 00:58:40.629498	0.124632	1.3953	775	1400	1.43735	89.3388	0.895975	0.893388	0	-0.0703125	
05/08/2019 00:58:41.629309	0.124632	1.3953	775	1400	1.43659	89.3388	0.895975	0.893388	0	-0.0703125	
05/08/2019 00:58:42.629279	0.124632	1.3953	775	1400	1.43713	89.3388	0.895975	0.893388	0	-0.0703125	
05/08/2019 00:58:43.628380	0.124632	1.3953	775	1400	1.43511	89.3388	0.895975	0.893388	0	-0.0703125	
05/08/2019 00:58:44.628277	0.124632	1.3953	775	1400	1.43544	89.3388	0.895975	0.893388	0	-0.0703125	
05/08/2019 00:58:45.628172	0.124632	1.3953	775	1400	1.43613	89.3388	0.895975	0.893388	0	-0.0703125	
05/08/2019 00:58:46.628120	0.124632	1.3953	775	1400	1.43624	89.3388	0.895975	0.893388	0	-0.0703125	
05/08/2019 00:58:47.627592	0.124632	1.3953	775	1400	1.43644	89.3388	0.895975	0.893388	0	-0.0703125	
05/08/2019 00:58:48.626936	0.124632	1.3953	775	1400	1.43596	89.3388	0.895975	0.893388	0	-0.0703125	
05/08/2019 00:58:49.625976	0.124632	1.3953	775	1400	1.43668	89.3388	0.895975	0.893388	0	-0.0703125	
05/08/2019 00:58:50.625944	0.124632	1.3953	775	1400	1.43677	89.3388	0.895975	0.893388	0	-0.0703125	
05/08/2019 00:58:51.625686	0.124632	1.3953	775	1400	1.43541	89.3388	0.895975	0.893388	0	-0.0703125	
05/08/2019 00:58:52.624848	0.124632	1.3953	775	1400	1.43449	89.3388	0.895975	0.893388	0	-0.0703125	
05/08/2019 00:58:53.624030	0.124632	1.3953	775	1400	1.43436	89.3388	0.895975	0.893388	0	-0.0703125	
05/08/2019 00:58:54.623133	0.124632	1.3953	775	1400	1.43508	89.3388	0.895975	0.893388	0	-0.0703125	
05/08/2019 00:58:55.622689	0.124632	1.3953	775	1400	1.4365	89.3388	0.895975	0.893388	0	-0.0703125	
05/08/2019 00:58:56.621986	0.124632	1.3953	775	1400	1.43529	89.3388	0.895975	0.893388	0	-0.0703125	
05/08/2019 00:58:57.621329	0.124632	1.3953	775	1400	1.435	-1	-1.11715	1.91128	0	-0.0703125	
05/08/2019 00:58:58.620938	0.124632	1.3953	775	1400	1.43528	-1	-1.11715	1.91128	0	-0.0703125	
05/08/2019 00:58:59.620415	0.124632	1.3953	775	1400	1.43591	-1	2.43476	-4.01111	0	-0.0703125	
05/08/2019 00:59:00.619739	0.124632	1.3953	775	1400	1.43453	-1	2.43476	-4.01111	0	-0.0703125	
05/08/2019 00:59:01.619128	0.124632	1.3953	775	1400	1.43512	-1	0.166345	-4.9307	0	-0.0703125	
05/08/2019 00:59:02.618919	0.124632	1.3953	775	1400	1.43669	-1	0.166345	-4.9307	0	-0.0703125	
05/08/2019 00:59:03.618124	0.124632	1.3953	775	1400	1.43527	-1	0.166345	-4.9307	0	-0.0703125	
05/08/2019 00:59:04.617963	0.124632	1.3953	775	1400	1.43577	-1	0.166345	-4.9307	0	-0.0703125	
05/08/2019 00:59:05.617340	0.124632	1.3953	775	1400	1.43548	-1	0.166345	-4.9307	0	-0.0703125	
05/08/2019 00:59:06.616932	0.124632	1.3953	775	1400	1.43554	-1	0.166345	-4.9307	0	-0.0703125	
05/08/2019 00:59:07.616064	0.124632	1.3953	775	1400	1.43541	-1	0.166345	-4.9307	0	-0.0703125	
05/08/2019 00:59:08.615403	0.124632	1.3953	775	1400	1.43532	-1	0.166345	-4.9307	0	-0.0703125	
05/08/2019 00:59:09.614832	0.124632	1.3953	775	1400	1.43669	-1	0.166345	-4.9307	0	-0.0703125	
05/08/2019 00:59:10.614162	0.124632	1.3953	775	1400	1.43596	-1	0.166345	-4.9307	0	-0.0703125	
05/08/2019 00:59:11.613254	0.124632	1.3953	775	1400	1.43608	-1	0.166345	-4.9307	0	-0.0703125	
05/08/2019 00:59:12.612842	0.124632	1.3953	775	1400	1.43611	-1	0.166345	-4.9307	0	-0.0703125	
05/08/2019 00:59:13.612662	0.124632	1.3953	775	1400	1.4363	-1	0.166345	-4.9307	0	-0.0703125	
05/08/2019 00:59:14.612986	0.124632	1.3953	775	1400	1.43569	-1	0.166345	-4.9307	0	-0.0703125	
05/08/2019 00:59:15.612853	0.124632	1.3953	775	1400	1.43572	-1	0.166345	-4.9307	0	-0.0703125	
05/08/2019 00:59:16.612597	0.124632	1.3953	775	1400	1.43578	-1	0.166345	-4.9307	0	-0.0703125	
05/08/2019 00:59:17.611740	0.124632	1.3953	775	1400	1.43539	-1	0.166345	-4.9307	0	-0.0703125	
05/08/2019 00:59:18.611114	0.124632	1.3953	775	1400	1.43496	-1	0.166345	-4.9307	0	-0.0703125	
05/08/2019 00:59:19.610517	0.124632	1.3953	775	1400	1.43476	-1	0.166345	-4.9307	0	-0.0703125	
05/08/2019 00:59:20.609992	0.124632	1.3953	775	1400	1.4335	-1	0.166345	-4.9307	0	-0.0703125	
05/08/2019 00:59:21.609560	0.124632	1.3953	775	1400	1.43547	-1	0.166345	-4.9307	0	-0.0703125	
05/08/2019 00:59:22.608747	0.124632	1.3953	775	1400	1.43529	-1	0.166345	-4.9307	0	-0.0703125	
05/08/2019 00:59:23.608105	0.124632	1.3953	775	1400	1.43477	-1	0.166345	-4.9307	0	-0.0703125	
05/08/2019 00:59:24.607291	0.124632	1.3953	775	1400	1.43509	-1	0.166345	-4.9307	0	-0.0703125	
05/08/2019 00:59:25.607326	0.124632	1.3953	775	1400	1.43604	-1	0.166345	-4.9307	0	-0.0703125	
05/08/2019 00:59:26.606973	0.124632	1.3953	775	1400	1.43458	-1	0.166345	-4.9307	0	-0.0703125	
05/08/2019 00:59:27.606115	0.124632	1.3953	775	1400	1.43421	-1	0.166345	-4.9307	0	-0.0703125	
05/08/2019 00:59:28.605984	0.124632	1.3953	775	1400	1.43437	-1	0.166345	-4.9307	0	-0.0703125	
05/08/2019 00:59:29.605778	0.124632	1.3953	775	1400	1.43522	-1	0.166345	-4.9307	0	-0.0703125	
05/08/2019 00:59:30.604791	0.124632	1.3953	775	1400	1.43503	-1	0.166345	-4.9307	0	-0.0703125	
05/08/2019 00:59:31.604211	0.124632	1.3953	775	1400	1.43607	-1	0.166345	-4.9307	0	-0.0703125	
05/08/2019 00:59:32.604102	0.124632	1.3953	775	1400	1.43514	-1	0.166345	-4.9307	0	-0.0703125	
05/08/2019 00:59:33.604081	0.124632	1.3953	775	1400	1.43536	-1	0.166345	-4.9307	0	-0.0703125	
05/08/2019 00:59:34.603290	0.124632	1.3953	775	1400	1.43482	-1	0.166345	-4.9307	0	-0.0703125	
05/08/2019 00:59:35.602825	0.124632	1.3953	775	1400	1.43575	-1	0.166345	-4.9307	0	-0.0703125	
05/08/2019 00:59:36.602117	0.124632	1.3953	775	1400	1.43562	-1	0.166345	-4.9307	0	-0.0703125	
05/08/2019 00:59:37.601224	0.124632	1.3953	775	1400	1.43392	-1	0.166345	-4.9307	0	-0.0703125	
05/08/2019 00:59:38.600298	0.124632	1.3953	775	1400	1.43515	-1	0.166345	-4.9307	0	-0.0703125	
05/08/2019 00:59:39.599306	0.124632	1.3953	775	1400	1.43448	-1	0.166345	-4.9307	0	-0.0703125	
05/08/2019 00:59:40.599380	0.124632	1.3953	775	1400	1.43439	-1	0.166345	-4.9307	0	-0.0703125	
05/08/2019 00:59:41.598642	0.124632	1.3953	775	1400	1.43475	-1	0.166345	-4.9307	0	-0.0703125	
05/08/2019 00:59:42.597770	0.124632	1.3953	775	1400	1.43426	-1	0.166345	-4.9307	0	-0.0703125	
05/08/2019 00:59:43.597872	0.124632	1.3953	775	1400	1.43328	-1	0.166345	-4.9307	0	-0.0703125	
05/08/2019 00:59:44.597757	0.124632	1.3953	775	1400	1.43459	-1	0.166345	-4.9307	0	-0.0703125	
05/08/2019 00:59:45.597626	0.124632	1.3953	775	1400	1.43641	-1	0.166345	-4.9307	0	-0.0703125	
05/08/2019 00:59:46.597564	0.124632	1.3953	775	1400	1.43546	-1	0.166345	-4.9307	0	-0.0703125	
05/08/2019 00:59:47.596702	0.124632	1.3953	775	1400	1.43456	-1	0.166345	-4.9307	0	-0.0703125	
05/08/2019 00:59:48.596552	0.124632	1.3953	775	1400	1.43355	-1	0.166345	-4.9307	0	-0.0703125	
05/08/2019 00:59:49.595657	0.124632	1.3953	775	1400	1.43357	-1	0.166345	-4.9307	0	-0.0703125	
05/08/2019 00:59:50.595479	0.124632	1.3953	775	1400	1.43345	-1	0.166345	-4.9307	0	-0.0703125	
05/08/2019 00:59:51.595026	0.124632	1.3953	775	1400	1.43388	-1	0.166345	-4.9307	0	-0.0703125	
05/08/2019 00:59:52.594569	0.124632	1.3953	775	1400	1.43431	-1	0.166345	-4.9307	0	-0.0703125	
05/08/2019 00:59:53.593644	0.124632	1.3953	775	1400	1.43441	-1	0.166345	-4.9307	0	-0.0703125	
05/08/2019 00:59:54.592891	0.124632	1.3953	775	1400	1.43389	-1	0.166345	-4.9307	0	-0.0703125	
05/08/2019 00:59:55.592218	0.124632	1.3953	775	1400	1.43462	-1	0.166345	-4.9307	0	-0.0703125	
05/08/2019 00:59:56.592148	0.124632	1.3953	775	1400	1.43411	-1	0.166345	-4.9307	0	-0.0703125	
05/08/2019 00:59:57.591218	0.124632	1.3953	775	1400	1.4348	-1	0.166345	-4.9307	0	-0.0703125	
05/08/2019 00:59:58.590421	0.124632	1.3953	775	1400	1.43349	-1	0.166345	-4.9307	0	-0.0703125	
05/08/2019 00:59:59.590055	0.124632	1.3953	775	1400	1.43385	-1	0.166345	-4.9307	0	-0.0703125	
05/08/2019 01:00:00.589949	0.124632	1.3953	775	1400	1.43534	-1	0.166345	-4.9307	0	-0.0703125	
05/08/2019 01:00:01.589724	0.124632	1.3953	775	1400	1.43458	-1	0.166345	-4.9307	0	-0.0703125	
05/08/2019 01:00:02.589139	0.124632	1.3953	775	1400	1.43309	-1	0.166345	-4.9307	0	-0.0703125	
05/08/2019 01:00:03.588330	0.124632	1.3953	775	1400	1.43399	-1	0.166345	-4.9307	0	-0.0703125	
05/08/2019 01:00:04.588074	0.124632	1.3953	775	1400	1.43319	-1	0.166345	-4.9307	0.01	-0.0703125	
05/08/2019 01:00:05.587847	0.124632	1.3953	775	1400	1.63566	90.865	0.912492	0.90865	0.01	-0.0703125	
05/08/2019 01:00:06.587266	0.124632	1.3953	775	1400	1.63668	90.865	0.912492	0.90865	0.02	-0.0703125	
05/08/2019 01:00:07.587175	0.124632	1.3953	775	1400	1.68595	-1	0.90883	0.864185	0.02	-0.0618833	
05/08/2019 01:00:08.586685	0.124632	1.3953	775	1400	1.68705	-1	0.90883	0.864185	0.03	-0.058137	
05/08/2019 01:00:09.585929	0.124632	1.3953	775	1400	1.89045	89.6382	0.906939	0.896382	0.03	-0.0473664	
05/08/2019 01:00:10.585222	0.124632	1.3953	775	1400	1.88977	89.6382	0.906939	0.896382	0.04	-0.0473664	
05/08/2019 01:00:11.584316	0.124632	1.3953	775	1400	2.04638	91.0056	0.915125	0.910056	0.04	-0.036908	
05/08/2019 01:00:12.583645	0.124632	1.3953	775	1400	2.04561	91.0056	0.915125	0.910056	0.05	-0.036908	
05/08/2019 01:00:13.583347	0.124632	1.3953	775	1400	2.21673	91.1173	0.911173	0.913535	0.05	-0.0263715	
05/08/2019 01:00:14.583213	0.124632	1.3953	775	1400	2.21671	91.1173	0.911173	0.913535	0.06	-0.0263715	
05/08/2019 01:00:15.583204	0.124632	1.3953	775	1400	2.38092	91.0984	0.919329	0.910984	0.06	-0.0159911	
05/08/2019 01:00:16.582845	0.124632	1.3953	775	1400	2.38164	91.0984	0.919329	0.910984	0.07	-0.0159911	
05/08/2019 01:00:17.582250	0.124632	1.3953	775	1400	2.55313	91.1182	0.925132	0.911182	0.07	-0.00553267	
05/08/2019 01:00:18.581336	0.124632	1.3953	775	1400	2.55361	91.1182	0.925132	0.911182	0.08	-0.00553267	
05/08/2019 01:00:19.580553	0.124632	1.3953	775	1400	2.69183	89.6354	0.900818	0.896354	0.08	0.00500381	
05/08/2019 01:00:20.579647	0.124632	1.3953	775	1400	2.69354	89.6354	0.900818	0.896354	0.09	0.00500381	
05/08/2019 01:00:21.578697	0.124632	1.3953	775	1400	2.81875	87.7641	0.922947	0.877641	0.09	0.0154622	
05/08/2019 01:00:22.577815	0.124632	1.3953	775	1400	2.8191	87.7641	0.922947	0.877641	0.1	0.0154622	
05/08/2019 01:00:23.576957	0.124632	1.3953	775	1400	2.989	91.1215	0.91867	0.911215	0.1	0.0258426	
05/08/2019 01:00:24.576050	0.124632	1.3953	775	1400	2.99099	91.1215	0.91867	0.911215	0.11	0.0258426	
05/08/2019 01:00:25.575220	0.124632	1.3953	775	1400	3.16203	88.9483	0.921825	0.889483	0.11	0.0366132	
05/08/2019 01:00:26.574315	0.124632	1.3953	775	1400	3.16248	88.9483	0.921825	0.889483	0.12	0.0366132	
05/08/2019 01:00:27.573736	0.124632	1.3953	775	1400	3.33447	88.377	0.88377	0.889528	0.12	0.0466814	
05/08/2019 01:00:28.573306	0.124632	1.3953	775	1400	3.33456	88.377	0.88377	0.889528	0.13	0.0466814	
05/08/2019 01:00:29.573074	0.124632	1.3953	775	1400	3.51784	88.8391	0.908459	0.888391	0.13	0.057374	
05/08/2019 01:00:30.572568	0.124632	1.3953	775	1400	3.51855	88.8391	0.908459	0.888391	0.14	0.057374	
05/08/2019 01:00:31.572142	0.124632	1.3953	775	1400	3.69383	89.797	0.903516	0.89797	0.14	0.0677544	
05/08/2019 01:00:32.572102	0.124632	1.3953	775	1400	3.69326	89.797	0.903516	0.89797	0.15	0.0677544	
05/08/2019 01:00:33.571151	0.124632	1.3953	775	1400	3.84798	86.6514	0.871443	0.866514	0.15	0.0782909	
05/08/2019 01:00:34.570247	0.124632	1.3953	775	1400	3.84829	86.6514	0.871443	0.866514	0.16	0.0782909	
05/08/2019 01:00:35.569304	0.124632	1.3953	775	1400	3.99991	86.3582	0.871443	0.863582	0.16	0.0883591	
05/08/2019 01:00:36.568386	0.124632	1.3953	775	1400	3.99747	86.3582	0.879766	0.863582	0.17	0.0889054	
05/08/2019 01:00:37.567486	0.124632	1.3953	775	1400	4.13049	82.3605	0.823605	0.843542	0.17	0.0991297	
05/08/2019 01:00:38.567061	0.124632	1.3953	775	1400	4.12948	82.3605	0.823605	0.843542	0.18	0.0991297	
05/08/2019 01:00:39.566136	0.124632	1.3953	775	1400	4.25357	77.2421	0.772421	0.796453	0.18	0.10951	
05/08/2019 01:00:40.565157	0.124632	1.3953	775	1400	4.25372	77.2421	0.772421	0.796453	0.19	0.10951	
05/08/2019 01:00:41.564294	0.124632	1.3953	775	1400	4.36838	77.2378	0.772378	0.773972	0.19	0.120047	
05/08/2019 01:00:42.563998	0.124632	1.3953	775	1400	4.36838	77.2378	0.772378	0.773972	0.2	0.120047	
05/08/2019 01:00:43.563206	0.124632	1.3953	775	1400	4.48063	70.827	0.70827	0.710951	0.2	0.130349	
05/08/2019 01:00:44.563143	0.124632	1.3953	775	1400	4.4801	70.827	0.70827	0.710951	0.21	0.130349	
05/08/2019 01:00:45.562471	0.124632	1.3953	775	1400	4.58631	69.8681	0.698681	0.707405	0.21	0.14112	
05/08/2019 01:00:46.562299	0.124632	1.3953	775	1400	4.5873	69.8681	0.698681	0.707405	0.22	0.14112	
05/08/2019 01:00:47.562032	0.124632	1.3953	775	1400	4.67005	64.5967	0.669842	0.645967	0.22	0.151344	
05/08/2019 01:00:48.562092	0.124632	1.3953	775	1400	4.67166	64.5967	0.669842	0.645967	0.23	0.151344	
05/08/2019 01:00:49.561824	0.124632	1.3953	775	1400	4.76278	60.7612	0.625918	0.607612	0.23	0.161802	
05/08/2019 01:00:50.561782	0.124632	1.3953	775	1400	4.76234	60.7612	0.625918	0.607612	0.24	0.161802	
05/08/2019 01:00:51.560970	0.124632	1.3953	775	1400	4.86167	58.3212	0.583212	0.585461	0.24	0.172105	
05/08/2019 01:00:52.560838	0.124632	1.3953	775	1400	4.86108	58.3212	0.583212	0.585461	0.25	0.172105	
05/08/2019 01:00:53.560681	0.124632	1.3953	775	1400	4.9499	51.1713	0.511713	0.515215	0.25	0.182641	
05/08/2019 01:00:54.560522	0.124632	1.3953	775	1400	4.95112	51.1713	0.511713	0.515215	0.26	0.182641	
05/08/2019 01:00:55.560066	0.124632	1.3953	775	1400	5.03674	48.0212	0.496794	0.480212	0.26	0.193178	
05/08/2019 01:00:56.559607	0.124632	1.3953	775	1400	5.03704	48.0212	0.496794	0.480212	0.27	0.193178	
05/08/2019 01:00:57.558859	0.124632	1.3953	775	1400	5.09504	44.1052	0.441052	0.446746	0.27	0.20348	
05/08/2019 01:00:58.558610	0.124632	1.3953	775	1400	5.09544	44.1052	0.441052	0.446746	0.28	0.204104	
05/08/2019 01:00:59.558561	0.124632	1.3953	775	1400	5.17001	40.8848	0.408848	0.413369	0.28	0.21386	
05/08/2019 01:01:00.557935	0.124632	1.3953	775	1400	5.16973	40.8848	0.408848	0.413369	0.28	0.214563	
05/08/2019 01:01:01.557769	0.124632	1.3953	775	1400	5.22227	36.8635	0.378465	0.368635	0.29	0.224319	
05/08/2019 01:01:02.558309	0.124632	1.3953	775	1400	5.22226	36.8635	0.378465	0.368635	0.29	0.225021	
05/08/2019 01:01:03.557730	0.124632	1.3953	775	1400	5.28596	36.0692	0.368758	0.360692	0.3	0.235011	
05/08/2019 01:01:04.557553	0.124632	1.3953	775	1400	5.28581	36.0692	0.368758	0.360692	0.3	0.235558	
05/08/2019 01:01:05.557390	0.124632	1.3953	775	1400	5.34691	30.4474	0.306363	0.304474	0.31	0.245001	
05/08/2019 01:01:06.556722	0.124632	1.3953	775	1400	5.34761	30.4474	0.306363	0.304474	0.31	0.245782	
05/08/2019 01:01:07.556120	0.124632	1.3953	775	1400	5.39758	-1	0.291529	0.282102	0.32	0.255694	
05/08/2019 01:01:08.555458	0.124632	1.3953	775	1400	5.39714	-1	0.291529	0.282102	0.32	0.256396	
05/08/2019 01:01:09.555190	0.124632	1.3953	775	1400	5.43917	-1	0.27177	0.266846	0.33	0.265996	
05/08/2019 01:01:10.555023	0.124632	1.3953	775	1400	5.43801	-1	0.27177	0.266846	0.33	0.266933	
05/08/2019 01:01:11.554205	0.124632	1.3953	775	1400	5.48273	-1	0.226385	0.23145	0.34	0.276611	
05/08/2019 01:01:12.553927	0.124632	1.3953	775	1400	5.4828	-1	0.226385	0.23145	0.34	0.277313	
05/08/2019 01:01:13.553068	0.124632	1.3953	775	1400	5.53784	21.7423	0.221094	0.217423	0.35	0.286913	
05/08/2019 01:01:14.552903	0.124632	1.3953	775	1400	5.53722	21.7423	0.221094	0.217423	0.35	0.287928	
05/08/2019 01:01:15.552088	0.124632	1.3953	775	1400	5.5797	-1	0.157749	0.160726	0.36	0.297684	
05/08/2019 01:01:16.551916	0.124632	1.3953	775	1400	5.57986	-1	0.157749	0.160726	0.36	0.29823	
05/08/2019 01:01:17.551777	0.124632	1.3953	775	1400	5.62133	-1	0.154324	0.15027	0.37	0.307518	
05/08/2019 01:01:18.550937	0.124632	1.3953	775	1400	5.62096	-1	0.154324	0.15027	0.37	0.308923	
05/08/2019 01:01:19.550135	0.124632	1.3953	775	1400	5.65269	-1	0.12642	0.123507	0.38	0.318679	
05/08/2019 01:01:20.549271	0.124632	1.3953	775	1400	5.65405	-1	0.12642	0.123507	0.38	0.319381	
05/08/2019 01:01:21.549149	0.124632	1.3953	775	1400	5.67279	-1	0.0871818	0.0764864	0.39	0.328747	
05/08/2019 01:01:22.548817	0.124632	1.3953	775	1400	5.67332	-1	0.0871818	0.0764864	0.39	0.329762	
05/08/2019 01:01:23.548529	0.124632	1.3953	775	1400	5.69403	-1	0.0726356	0.0701438	0.4	0.339518	
05/08/2019 01:01:24.547979	0.124632	1.3953	775	1400	5.69313	-1	0.0726356	0.0701438	0.4	0.34022	
05/08/2019 01:01:25.547311	0.124632	1.3953	775	1400	5.70976	-1	0.0726356	0.0642517	0.41	0.34943	
05/08/2019 01:01:26.547224	0.124632	1.3953	775	1400	5.70925	-1	0.0646228	0.0642517	0.41	0.350756	
05/08/2019 01:01:27.546356	0.124632	1.3953	775	1400	5.71907	-1	0.0438634	0.047196	0.42	0.360356	
05/08/2019 01:01:28.545886	0.124632	1.3953	775	1400	5.71912	-1	0.0438634	0.047196	0.42	0.361137	
05/08/2019 01:01:29.545468	0.124632	1.3953	775	1400	5.72885	-1	0.0355531	0.0330062	0.43	0.37019	
05/08/2019 01:01:30.545410	0.124632	1.3953	775	1400	5.72868	-1	0.0355531	0.0330062	0.43	0.371517	
05/08/2019 01:01:31.545014	0.124632	1.3953	775	1400	5.73305	-1	0.0222455	0.0167989	0.44	0.381273	
05/08/2019 01:01:32.544528	0.124632	1.3953	775	1400	5.73349	-1	0.0222455	0.0167989	0.44	0.38221	
05/08/2019 01:01:33.543580	0.124632	1.3953	775	1400	5.73597	-1	0.017015	0.00815804	0.45	0.391341	
05/08/2019 01:01:34.542737	0.124632	1.3953	775	1400	5.73627	-1	0.017015	0.00815804	0.45	0.392746	
05/08/2019 01:01:35.542533	0.124632	1.3953	775	1400	5.73908	-1	0.0110626	0.0088073	0.46	0.40219	
05/08/2019 01:01:36.542406	0.124632	1.3953	775	1400	5.73909	-1	0.0110626	0.0088073	0.46	0.402736	
05/08/2019 01:01:37.542096	0.124632	1.3953	775	1400	5.74089	-1	0.00973109	0.00606798	0.47	0.412102	
05/08/2019 01:01:38.541459	0.124632	1.3953	775	1400	5.74062	-1	0.00973109	0.00606798	0.47	0.413585	
05/08/2019 01:01:39.540591	0.124632	1.3953	775	1400	5.7408	-1	0.00189396	0.00148284	0.48	0.422873	
05/08/2019 01:01:40.539749	0.124632	1.3953	775	1400	5.74025	-1	0.00189396	0.00148284	0.48	0.424044	
05/08/2019 01:01:41.539707	0.124632	1.3953	775	1400	5.74069	-1	0.0058655	0.00334466	0.49	0.433019	
05/08/2019 01:01:42.539270	0.124632	1.3953	775	1400	5.74158	-1	0.0058655	0.00334466	0.49	0.434658	
05/08/2019 01:01:43.538797	0.124632	1.3953	775	1400	5.74279	-1	-0.00280223	0.00108993	0.5	0.443712	
05/08/2019 01:01:44.538482	0.124632	1.3953	775	1400	5.74211	-1	-0.00280223	0.00108993	0.5	0.444648	
05/08/2019 01:01:45.537820	0.124632	1.3953	775	1400	5.74183	-1	-0.00280223	0.00124326	0.51	0.453858	
05/08/2019 01:01:46.537296	0.124632	1.3953	775	1400	5.74056	-1	0.00483634	0.00124326	0.51	0.455653	
05/08/2019 01:01:47.536826	0.124632	1.3953	775	1400	5.74177	-1	0.000336275	0.00807118	0.52	0.46455	
05/08/2019 01:01:48.536031	0.124632	1.3953	775	1400	5.74164	-1	0.000336275	0.00807118	0.52	0.465955	
05/08/2019 01:01:49.535206	0.124632	1.3953	775	1400	5.7406	-1	0.000336275	-0.00289034	0.53	0.474775	
05/08/2019 01:01:50.534930	0.124632	1.3953	775	1400	5.73921	-1	0.00298192	-0.00289034	0.53	0.476258	
05/08/2019 01:01:51.534455	0.124632	1.3953	775	1400	5.73918	-1	0.00546838	0.00427686	0.54	0.485233	
05/08/2019 01:01:52.534327	0.124632	1.3953	775	1400	5.73952	-1	0.00546838	0.00427686	0.54	0.486794	
05/08/2019 01:01:53.533442	0.124632	1.3953	775	1400	5.741	-1	-0.000752484	0.00358526	0.55	0.495692	
05/08/2019 01:01:54.533238	0.124632	1.3953	775	1400	5.73964	-1	-0.000752484	0.00358526	0.55	0.497331	
05/08/2019 01:01:55.532981	0.124632	1.3953	775	1400	5.73968	-1	-0.00169442	0.00442057	0.56	0.505994	
05/08/2019 01:01:56.532452	0.124632	1.3953	775	1400	5.74031	-1	-0.00169442	0.00442057	0.56	0.507867	
05/08/2019 01:01:57.532147	0.124632	1.3953	775	1400	5.73924	-1	-0.000190125	-0.00529354	0.57	0.516608	
05/08/2019 01:01:58.531706	0.124632	1.3953	775	1400	5.73967	-1	-0.000190125	-0.00529354	0.57	0.518247	
05/08/2019 01:01:59.531247	0.124632	1.3953	775	1400	5.74041	-1	0.00164208	0.000956368	0.58	0.526911	
05/08/2019 01:02:00.531214	0.124632	1.3953	775	1400	5.73931	-1	0.00164208	0.000956368	0.58	0.528784	
05/08/2019 01:02:01.530619	0.124632	1.3953	775	1400	5.73984	-1	1.40521e-05	0.00503767	0.59	0.537525	
05/08/2019 01:02:02.530343	0.124632	1.3953	775	1400	5.74016	-1	1.40521e-05	0.00503767	0.59	0.539086	
05/08/2019 01:02:03.529514	0.124632	1.3953	775	1400	5.73988	-1	0.00277759	-0.00181761	0.6	0.547594	
05/08/2019 01:02:04.529151	0.124632	1.3953	775	1400	5.73808	-1	0.00277759	-0.00181761	0.6	0.549779	
05/08/2019 01:02:05.528829	0.124632	1.3953	775	1400	5.73821	-1	0.000635266	0.00598973	0.61	0.558442	
05/08/2019 01:02:06.528758	0.124632	1.3953	775	1400	5.7376	-1	0.000635266	0.00598973	0.61	0.560159	
05/08/2019 01:02:07.528230	0.124632	1.3953	775	1400	5.73755	-1	-0.00759943	0.001815	0.62	0.568432	
05/08/2019 01:02:08.527518	0.124632	1.3953	775	1400	5.7365	-1	-0.00759943	0.001815	0.62	0.570696	
05/08/2019 01:02:09.526964	0.124632	1.3953	775	1400	5.73621	-1	-0.00548709	0.00245172	0.63	0.579281	
05/08/2019 01:02:10.526813	0.124632	1.3953	775	1400	5.7379	-1	-0.00548709	0.00245172	0.63	0.581076	
05/08/2019 01:02:11.525993	0.124632	1.3953	775	1400	5.73713	-1	-0.0133028	-0.0518597	0.64	0.589349	
05/08/2019 01:02:12.525898	0.124632	1.3953	775	1400	5.73671	-1	-0.0133028	-0.0518597	0.64	0.591691	
05/08/2019 01:02:13.525766	0.124632	1.3953	775	1400	5.73726	-1	-0.000129564	0.00314342	0.65	0.600042	
05/08/2019 01:02:14.525762	0.124632	1.3953	775	1400	5.73725	-1	-0.000129564	0.00314342	0.65	0.602149	
05/08/2019 01:02:15.525175	0.124632	1.3953	775	1400	5.73602	-1	0.000870596	-0.00389212	0.66	0.609954	
05/08/2019 01:02:16.524349	0.124632	1.3953	775	1400	5.73624	-1	0.000870596	-0.00389212	0.66	0.612607	
05/08/2019 01:02:17.523560	0.124632	1.3953	775	1400	5.7356	-1	0.00193863	-0.00271164	0.67	0.620724	
05/08/2019 01:02:18.522853	0.124632	1.3953	775	1400	5.73529	-1	0.00193863	-0.00271164	0.67	0.623066	
05/08/2019 01:02:19.522339	0.124632	1.3953	775	1400	5.7348	-1	-0.000630292	-0.000561569	0.68	0.630949	
05/08/2019 01:02:20.521512	0.124632	1.3953	775	1400	5.734	-1	-0.000630292	-0.000561569	0.68	0.633837	
05/08/2019 01:02:21.521542	0.124632	1.3953	775	1400	5.7338	-1	-0.000716873	0.00192754	0.69	0.642188	
05/08/2019 01:02:22.521338	0.124632	1.3953	775	1400	5.7328	-1	-0.000716873	0.00192754	0.69	0.644061	
05/08/2019 01:02:23.521116	0.124632	1.3953	775	1400	5.73277	-1	0.00231367	0.00313151	0.7	0.652022	
05/08/2019 01:02:24.520742	0.124632	1.3953	775	1400	5.73283	-1	0.00231367	0.00313151	0.7	0.654519	
05/08/2019 01:02:25.519747	0.124632	1.3953	775	1400	5.73322	-1	-0.00243575	0.00108023	0.71	0.66287	
05/08/2019 01:02:26.519295	0.124632	1.3953	775	1400	5.73237	-1	-0.00243575	0.00108023	0.71	0.665134	
05/08/2019 01:02:27.518498	0.124632	1.3953	775	1400	5.73328	-1	-0.00268491	0.00550118	0.72	0.672782	
05/08/2019 01:02:28.517545	0.124632	1.3953	775	1400	5.73391	-1	-0.00268491	0.00550118	0.72	0.675514	
05/08/2019 01:02:29.517096	0.124632	1.3953	775	1400	5.73485	-1	-3.95513e-05	0.000983967	0.73	0.683943	
05/08/2019 01:02:30.516864	0.124632	1.3953	775	1400	5.73427	-1	-3.95513e-05	0.000983967	0.73	0.685973	
05/08/2019 01:02:31.516595	0.124632	1.3953	775	1400	5.73364	-1	-0.00218846	-0.000130977	0.74	0.693855	
05/08/2019 01:02:32.516296	0.124632	1.3953	775	1400	5.7337	-1	-0.00218846	-0.000130977	0.74	0.696353	
05/08/2019 01:02:33.516270	0.124632	1.3953	775	1400	5.73548	-1	0.00246007	0.00543221	0.75	0.704626	
05/08/2019 01:02:34.515495	0.124632	1.3953	775	1400	5.73434	-1	0.00246007	0.00543221	0.75	0.706889	
05/08/2019 01:02:35.514927	0.124632	1.3953	775	1400	5.73492	-1	0.00153874	0.00534338	0.76	0.708607	
05/08/2019 01:02:36.514049	0.124632	1.3953	775	1400	5.73472	-1	0.00153874	0.00534338	0.76	0.717348	
05/08/2019 01:02:37.513753	0.124632	1.3953	775	1400	5.73502	-1	0.011444	0.0140696	0.77	0.718909	
05/08/2019 01:02:38.513664	0.124632	1.3953	775	1400	5.73492	-1	0.011444	0.0140696	0.77	0.727806	
05/08/2019 01:02:39.513144	0.124632	1.3953	775	1400	5.73592	-1	0.00859029	0.00345047	0.78	0.729523	
05/08/2019 01:02:40.512836	0.124632	1.3953	775	1400	5.73546	-1	0.00859029	0.00345047	0.78	0.738187	
05/08/2019 01:02:41.512216	0.124632	1.3953	775	1400	5.73792	-1	0.0117329	0.00931979	0.79	0.739592	
05/08/2019 01:02:42.512095	0.124632	1.3953	775	1400	5.73754	-1	0.0117329	0.00931979	0.79	0.748567	
05/08/2019 01:02:43.511636	0.124632	1.3953	775	1400	5.74029	-1	0.00748637	0.0105309	0.8	0.750128	
05/08/2019 01:02:44.511005	0.124632	1.3953	775	1400	5.74105	-1	0.00748637	0.0105309	0.8	0.759338	
05/08/2019 01:02:45.510552	0.124632	1.3953	775	1400	5.74374	-1	0.00748637	0.00668849	0.81	0.760665	
05/08/2019 01:02:46.509758	0.124632	1.3953	775	1400	5.74334	-1	0.0175609	0.00668849	0.81	0.769718	
05/08/2019 01:02:47.509769	0.124632	1.3953	775	1400	5.74858	-1	0.0175609	0.0189718	0.82	0.770889	
05/08/2019 01:02:48.509049	0.124632	1.3953	775	1400	5.74928	-1	0.0167792	0.0189718	0.82	0.780177	
05/08/2019 01:02:49.508804	0.124632	1.3953	775	1400	5.75629	-1	0.0167792	0.0206486	0.83	0.781035	
05/08/2019 01:02:50.507914	0.124632	1.3953	775	1400	5.75531	-1	0.0194188	0.0206486	0.83	0.790557	
05/08/2019 01:02:51.507286	0.124632	1.3953	775	1400	5.76267	-1	0.0209567	0.0273769	0.84	0.791884	
05/08/2019 01:02:52.506337	0.124632	1.3953	775	1400	5.76148	-1	0.0209567	0.0273769	0.84	0.801015	
05/08/2019 01:02:53.505768	0.124632	1.3953	775	1400	5.77079	-1	0.0293389	0.0347322	0.85	0.802576	
05/08/2019 01:02:54.505351	0.124632	1.3953	775	1400	5.7703	-1	0.0293389	0.0347322	0.85	0.81163	
05/08/2019 01:02:55.504582	0.124632	1.3953	775	1400	5.78288	-1	0.0462252	0.0486129	0.86	0.812566	
05/08/2019 01:02:56.503840	0.124632	1.3953	775	1400	5.78222	-1	0.0462252	0.0486129	0.86	0.821854	
05/08/2019 01:02:57.503730	0.124632	1.3953	775	1400	5.79601	-1	0.0462252	0.0542004	0.87	0.822791	
05/08/2019 01:02:58.503165	0.124632	1.3953	775	1400	5.79563	-1	0.0476736	0.0542004	0.87	0.832469	
05/08/2019 01:02:59.503041	0.124632	1.3953	775	1400	5.81091	-1	0.0581867	0.0514647	0.88	0.833327	
05/08/2019 01:03:00.502671	0.124632	1.3953	775	1400	5.81123	-1	0.0581867	0.0514647	0.88	0.843161	
05/08/2019 01:03:01.501767	0.124632	1.3953	775	1400	5.8276	-1	0.0625106	0.0608367	0.89	0.843708	
05/08/2019 01:03:02.501176	0.124632	1.3953	775	1400	5.82681	-1	0.0625106	0.0608367	0.89	0.85362	
05/08/2019 01:03:03.500681	0.124632	1.3953	775	1400	5.84589	-1	0.0625106	0.0730396	0.9	0.85362	
05/08/2019 01:03:04.500390	0.124632	1.3953	775	1400	5.84485	-1	0.0663134	0.0730396	0.9	0.864	
05/08/2019 01:03:05.499568	0.124632	1.3953	775	1400	5.87009	-1	0.0935277	0.0973111	0.91	0.864624	
05/08/2019 01:03:06.498676	0.124632	1.3953	775	1400	5.8687	-1	0.0935277	0.0973111	0.91	0.87438	
05/08/2019 01:03:07.497684	0.124632	1.3953	775	1400	5.89919	-1	0.0935277	0.113286	0.92	0.875083	
05/08/2019 01:03:08.497505	0.124632	1.3953	775	1400	5.89851	-1	0.101618	0.113286	0.92	0.884995	
05/08/2019 01:03:09.496622	0.124632	1.3953	775	1400	5.92594	-1	0.108912	0.11219	0.93	0.884995	
05/08/2019 01:03:10.496397	0.124632	1.3953	775	1400	5.92608	-1	0.108912	0.11219	0.93	0.895375	
05/08/2019 01:03:11.496248	0.124632	1.3953	775	1400	5.9513	-1	0.108912	0.125843	0.94	0.895922	
05/08/2019 01:03:12.496202	0.124632	1.3953	775	1400	5.95121	-1	0.126744	0.125843	0.94	0.905834	
05/08/2019 01:03:13.496402	0.124632	1.3953	775	1400	5.99137	-1	0.156711	0.154911	0.95	0.905834	
05/08/2019 01:03:14.496208	0.124632	1.3953	775	1400	5.99176	-1	0.156711	0.154911	0.95	0.91637	
05/08/2019 01:03:15.495419	0.124632	1.3953	775	1400	6.02776	-1	0.156711	0.151882	0.96	0.91637	
05/08/2019 01:03:16.495027	0.124632	1.3953	775	1400	6.02746	-1	0.155081	0.151882	0.96	0.926907	
05/08/2019 01:03:17.494572	0.124632	1.3953	775	1400	6.06372	-1	0.1672	0.166129	0.97	0.926907	
05/08/2019 01:03:18.493875	0.124632	1.3953	775	1400	6.06373	-1	0.1672	0.166129	0.97	0.937365	
05/08/2019 01:03:19.493208	0.124632	1.3953	775	1400	6.10232	-1	0.195733	0.191268	0.98	0.937365	
05/08/2019 01:03:20.492621	0.124632	1.3953	775	1400	6.10216	-1	0.195733	0.191268	0.98	0.947668	
05/08/2019 01:03:21.491846	0.124632	1.3953	775	1400	6.14205	-1	0.195733	0.211801	0.99	0.947668	
05/08/2019 01:03:22.491725	0.124632	1.3953	775	1400	6.14102	-1	0.205153	0.211801	0.99	0.958282	
05/08/2019 01:03:23.491346	0.124632	1.3953	775	1400	6.18438	-1	0.241754	0.264094	1	0.958282	
05/08/2019 01:03:24.490655	0.124632	1.3953	775	1400	6.18379	-1	0.241754	0.264094	1	0.968819	
05/08/2019 01:03:25.490496	0.124632	1.3953	775	1400	6.2145	-1	0.241754	0.225032	1.01	0.968819	
05/08/2019 01:03:26.490041	0.124632	1.3953	775	1400	6.2144	-1	0.228358	0.225032	1.01	0.979199	
05/08/2019 01:03:27.489573	0.124632	1.3953	775	1400	6.26835	25.3599	0.259736	0.253599	1.02	0.979199	
05/08/2019 01:03:28.488892	0.124632	1.3953	775	1400	6.26883	25.3599	0.259736	0.253599	1.02	0.989579	
05/08/2019 01:03:29.488203	0.124632	1.3953	775	1400	6.32815	26.2939	0.269823	0.262939	1.03	0.989579	
05/08/2019 01:03:30.488022	0.124632	1.3953	775	1400	6.32805	26.2939	0.269823	0.262939	1.03	0.99996	
05/08/2019 01:03:31.487635	0.124632	1.3953	775	1400	6.38994	28.5266	0.285266	0.285847	1.04	0.99996	
05/08/2019 01:03:32.487197	0.124632	1.3953	775	1400	6.3902	28.5266	0.285266	0.285847	1.04	1.01073	
05/08/2019 01:03:33.486415	0.124632	1.3953	775	1400	6.44931	29.6864	0.302027	0.296864	1.05	1.01073	
05/08/2019 01:03:34.486305	0.124632	1.3953	775	1400	6.44985	29.6864	0.302027	0.296864	1.05	1.02095	
05/08/2019 01:03:35.485381	0.124632	1.3953	775	1400	6.50501	30.6396	0.324748	0.306396	1.06	1.02095	
05/08/2019 01:03:36.484837	0.124632	1.3953	775	1400	6.50454	30.6396	0.324748	0.306396	1.06	1.03149	
05/08/2019 01:03:37.484922	0.124632	1.3953	775	1400	6.56527	33.7869	0.351672	0.337869	1.07	1.03149	
05/08/2019 01:03:38.484366	0.124632	1.3953	775	1400	6.56404	33.7869	0.351672	0.337869	1.07	1.04211	
05/08/2019 01:03:39.483779	0.124632	1.3953	775	1400	6.62415	36.4166	0.364166	0.370758	1.08	1.04211	
05/08/2019 01:03:40.483515	0.124632	1.3953	775	1400	6.62409	36.4166	0.364166	0.370758	1.08	1.05264	
05/08/2019 01:03:41.482864	0.124632	1.3953	775	1400	6.68699	36.7266	0.37221	0.367266	1.09	1.05264	
05/08/2019 01:03:42.482511	0.124632	1.3953	775	1400	6.68764	36.7266	0.37221	0.367266	1.09	1.0631	
05/08/2019 01:03:43.481764	0.124632	1.3953	775	1400	6.74922	37.221	0.371872	0.377178	1.1	1.0631	
05/08/2019 01:03:44.481672	0.124632	1.3953	775	1400	6.7497	37.1872	0.371872	0.377178	1.1	1.0734	
05/08/2019 01:03:45.480869	0.124632	1.3953	775	1400	6.80788	38.649	0.405184	0.38649	1.11	1.0734	
05/08/2019 01:03:46.479939	0.124632	1.3953	775	1400	6.8091	38.649	0.405184	0.38649	1.11	1.08386	
05/08/2019 01:03:47.479682	0.124632	1.3953	775	1400	6.86053	40.6936	0.411102	0.406936	1.12	1.08386	
05/08/2019 01:03:48.478967	0.124632	1.3953	775	1400	6.86008	40.6936	0.411102	0.406936	1.12	1.09448	
05/08/2019 01:03:49.478439	0.124632	1.3953	775	1400	6.8863	-1	0.432284	0.419125	1.13	1.09448	
05/08/2019 01:03:50.478288	0.124632	1.3953	775	1400	6.88655	-1	0.432284	0.419125	1.13	1.1047	
05/08/2019 01:03:51.477401	0.124632	1.3953	775	1400	6.95411	44.6739	0.453863	0.446739	1.14	1.1047	
05/08/2019 01:03:52.477288	0.124632	1.3953	775	1400	6.95408	44.6739	0.453863	0.446739	1.14	1.11524	
05/08/2019 01:03:53.476764	0.124632	1.3953	775	1400	6.98358	-1	0.45193	0.451548	1.15	1.11524	
05/08/2019 01:03:54.476740	0.124632	1.3953	775	1400	6.98415	-1	0.45193	0.451548	1.15	1.1257	
05/08/2019 01:03:55.476676	0.124632	1.3953	775	1400	7.0433	44.2226	0.454527	0.442226	1.16	1.1257	
05/08/2019 01:03:56.476554	0.124632	1.3953	775	1400	7.04352	44.2226	0.454527	0.442226	1.16	1.13615	
05/08/2019 01:03:57.475935	0.124632	1.3953	775	1400	7.11324	50.285	0.504309	0.50285	1.17	1.13615	
05/08/2019 01:03:58.475895	0.124632	1.3953	775	1400	7.11334	50.285	0.504309	0.50285	1.17	1.1463	
05/08/2019 01:03:59.475091	0.124632	1.3953	775	1400	7.20661	55.6786	0.556786	0.562339	1.18	1.1463	
05/08/2019 01:04:00.474817	0.124632	1.3953	775	1400	7.2066	55.6786	0.556786	0.562339	1.18	1.15707	
05/08/2019 01:04:01.474152	0.124632	1.3953	775	1400	7.24258	-1	0.52706	0.531288	1.19	1.15707	
05/08/2019 01:04:02.473918	0.124632	1.3953	775	1400	7.24235	-1	0.52706	0.531288	1.19	1.16729	
05/08/2019 01:04:03.473023	0.124632	1.3953	775	1400	7.33078	60.2407	0.602407	0.603205	1.2	1.16729	
05/08/2019 01:04:04.472330	0.124632	1.3953	775	1400	7.3318	60.2407	0.602407	0.603205	1.2	1.17783	
05/08/2019 01:04:05.471662	0.124632	1.3953	775	1400	7.4183	61.9628	0.628499	0.619628	1.21	1.17783	
05/08/2019 01:04:06.470839	0.124632	1.3953	775	1400	7.41857	61.9628	0.628499	0.619628	1.21	1.18845	
05/08/2019 01:04:07.470222	0.124632	1.3953	775	1400	7.5116	62.7045	0.628499	0.627045	1.22	1.18845	
05/08/2019 01:04:08.469687	0.124632	1.3953	775	1400	7.511	62.7045	0.642639	0.627045	1.22	1.19875	
05/08/2019 01:04:09.469510	0.124632	1.3953	775	1400	7.60654	64.2639	0.642639	0.69925	1.23	1.19875	
05/08/2019 01:04:10.468581	0.124632	1.3953	775	1400	7.60629	69.0212	0.690212	0.69925	1.23	1.20928	
05/08/2019 01:04:11.468532	0.124632	1.3953	775	1400	7.73422	69.0212	0.690212	0.731548	1.24	1.20928	
05/08/2019 01:04:12.468351	0.124632	1.3953	775	1400	7.73425	73.1548	0.746963	0.731548	1.24	1.22029	
05/08/2019 01:04:13.467824	0.124632	1.3953	775	1400	7.8571	73.7362	0.746963	0.737362	1.25	1.22029	
05/08/2019 01:04:14.467180	0.124632	1.3953	775	1400	7.85737	72.154	0.72154	0.737362	1.25	1.23059	
05/08/2019 01:04:15.466957	0.124632	1.3953	775	1400	7.96384	73.6826	0.736826	0.74057	1.26	1.23059	
05/08/2019 01:04:16.466803	0.124632	1.3953	775	1400	7.96343	73.6826	0.736826	0.74057	1.26	1.24058	
05/08/2019 01:04:17.466606	0.124632	1.3953	775	1400	8.07091	80.2913	0.802913	0.805308	1.27	1.24058	
05/08/2019 01:04:18.466502	0.124632	1.3953	775	1400	8.07017	80.2913	0.802913	0.805308	1.27	1.2512	
05/08/2019 01:04:19.466472	0.124632	1.3953	775	1400	8.21562	82.6738	0.826738	0.831086	1.28	1.2512	
05/08/2019 01:04:20.466509	0.124632	1.3953	775	1400	8.21651	82.6738	0.826738	0.831086	1.28	1.26197	
05/08/2019 01:04:21.466374	0.124632	1.3953	775	1400	8.27053	79.2856	0.816818	0.792856	1.29	1.26197	
05/08/2019 01:04:22.466336	0.124632	1.3953	775	1400	8.27005	79.2856	0.816818	0.792856	1.29	1.27204	
05/08/2019 01:04:23.466323	0.124632	1.3953	775	1400	8.42678	86	0.816818	0.86	1.3	1.27204	
05/08/2019 01:04:24.465458	0.124632	1.3953	775	1400	8.42774	86	0.870671	0.86	1.3	1.28288	
05/08/2019 01:04:25.465348	0.124632	1.3953	775	1400	8.57205	83.9271	0.870671	0.839271	1.31	1.28288	
05/08/2019 01:04:26.465146	0.124632	1.3953	775	1400	8.57308	83.9271	0.86529	0.839271	1.31	1.29342	
05/08/2019 01:04:27.464410	0.124632	1.3953	775	1400	8.6974	86.529	0.86529	0.877336	1.32	1.29342	
05/08/2019 01:04:28.463914	0.124632	1.3953	775	1400	8.69509	87.7336	0.886949	0.877336	1.32	1.30388	
05/08/2019 01:04:29.463483	0.124632	1.3953	775	1400	8.86992	88.6949	0.886949	0.919507	1.33	1.30388	
05/08/2019 01:04:30.462667	0.124632	1.3953	775	1400	8.86866	91.4473	0.914473	0.919507	1.33	1.31434	
05/08/2019 01:04:31.462557	0.124632	1.3953	775	1400	9.01105	90.082	0.914473	0.90082	1.34	1.31434	
05/08/2019 01:04:32.461851	0.124632	1.3953	775	1400	9.01063	89.7319	0.897319	0.90082	1.34	1.32464	
05/08/2019 01:04:33.460904	0.124632	1.3953	775	1400	9.1721	89.7319	0.897319	0.919316	1.35	1.32464	
05/08/2019 01:04:34.460797	0.124632	1.3953	775	1400	9.17084	91.9316	0.925958	0.919316	1.35	1.33479	
05/08/2019 01:04:35.460962	0.124632	1.3953	775	1400	9.33234	92.5958	0.925958	0.928313	1.36	1.33479	
05/08/2019 01:04:36.460745	0.124632	1.3953	775	1400	9.33151	92.3638	0.923638	0.928313	1.36	1.34563	
05/08/2019 01:04:37.460616	0.124632	1.3953	775	1400	9.49384	91.4065	0.914065	0.917528	1.37	1.34563	
05/08/2019 01:04:38.459794	0.124632	1.3953	775	1400	9.49358	91.4065	0.914065	0.917528	1.37	1.35609	
05/08/2019 01:04:39.459636	0.124632	1.3953	775	1400	9.69992	91.4065	0.914065	0.922749	1.38	1.35609	
05/08/2019 01:04:40.459749	0.124632	1.3953	775	1400	9.70261	92.2749	0.931878	0.922749	1.38	1.36655	
05/08/2019 01:04:41.459871	0.124632	1.3953	775	1400	9.93634	90.5861	0.922545	0.905861	1.39	1.36655	
05/08/2019 01:04:42.459126	0.124632	1.3953	775	1400	9.93544	90.5861	0.922545	0.905861	1.39	1.37662	
05/08/2019 01:04:43.458321	0.124632	1.3953	775	1400	10.1434	92.2545	0.922545	0.933043	1.4	1.37662	
05/08/2019 01:04:44.457887	0.124632	1.3953	775	1400	10.1423	92.0117	0.920117	0.933043	1.4	1.38762	
05/08/2019 01:04:45.457405	0.124632	1.3953	775	1400	10.3872	92.1292	0.921292	0.928754	1.41	1.38762	
05/08/2019 01:04:46.457718	0.124632	1.3953	775	1400	10.3861	92.1292	0.921292	0.928754	1.41	1.39824	
05/08/2019 01:04:47.457004	0.124632	1.3953	775	1400	10.6023	92.5362	0.925362	0.933177	1.42	1.39824	
05/08/2019 01:04:48.456324	0.124632	1.3953	775	1400	10.6015	92.5362	0.925362	0.933177	1.42	1.40854	
05/08/2019 01:04:49.456135	0.124632	1.3953	775	1400	10.8252	91.8487	0.925362	0.918487	1.43	1.40854	
05/08/2019 01:04:50.455308	0.124632	1.3953	775	1400	10.8253	91.8487	0.929038	0.918487	1.43	1.41892	
05/08/2019 01:04:51.454873	0.124632	1.3953	775	1400	11.0853	92.7778	0.930435	0.927778	1.44	1.41892	
05/08/2019 01:04:52.454842	0.124632	1.3953	775	1400	11.0857	92.7778	0.930435	0.927778	1.44	1.42938	
05/08/2019 01:04:53.454188	0.124632	1.3953	775	1400	11.337	90.5913	0.930435	0.905913	1.45	1.42938	
05/08/2019 01:04:54.454065	0.124632	1.3953	775	1400	11.3369	90.5913	0.9129	0.905913	1.45	1.43992	
05/08/2019 01:04:55.453228	0.124632	1.3953	775	1400	11.5916	91.5558	0.919586	0.915558	1.46	1.43992	
05/08/2019 01:04:56.452528	0.124632	1.3953	775	1400	11.5908	91.5558	0.919586	0.915558	1.46	1.45037	
05/08/2019 01:04:57.451995	0.124632	1.3953	775	1400	11.8306	91.8179	0.91909	0.918179	1.47	1.45037	
05/08/2019 01:04:58.451056	0.124632	1.3953	775	1400	11.8286	91.8179	0.91909	0.918179	1.47	1.46091	
05/08/2019 01:04:59.450791	0.124632	1.3953	775	1400	12.0961	91.909	0.91909	0.920798	1.48	1.46091	
05/08/2019 01:05:00.450556	0.124632	1.3953	775	1400	12.0959	90.8863	0.908863	0.920798	1.48	1.47121	
05/08/2019 01:05:01.450516	0.124632	1.3953	775	1400	12.3757	91.014	0.913717	0.91014	1.49	1.47121	
05/08/2019 01:05:02.449847	0.124632	1.3953	775	1400	12.3744	91.014	0.913717	0.91014	1.49	1.48175	
05/08/2019 01:05:03.449286	0.124632	1.3953	775	1400	12.6514	90.2884	0.902921	0.902884	1.5	1.48175	
05/08/2019 01:05:04.448813	0.124632	1.3953	775	1400	12.6516	90.2884	0.902921	0.902884	1.5	1.49236	
05/08/2019 01:05:05.448364	0.124632	1.3953	775	1400	12.9097	90.8057	0.915293	0.908057	1.51	1.49236	
05/08/2019 01:05:06.447662	0.124632	1.3953	775	1400	12.9092	90.8057	0.915293	0.908057	1.51	1.50298	
05/08/2019 01:05:07.447014	0.124632	1.3953	775	1400	13.1871	90.9976	0.922306	0.909976	1.52	1.50298	
05/08/2019 01:05:08.446753	0.124632	1.3953	775	1400	13.1854	90.9976	0.922306	0.909976	1.52	1.5132	
05/08/2019 01:05:09.446679	0.124632	1.3953	775	1400	13.4669	89.9857	0.899857	0.904247	1.53	1.5132	
05/08/2019 01:05:10.446301	0.124632	1.3953	775	1400	13.467	89.9857	0.899857	0.904247	1.53	1.52374	
05/08/2019 01:05:11.446320	0.124632	1.3953	775	1400	13.75	88.7796	0.887796	0.892737	1.54	1.52374	
05/08/2019 01:05:12.445783	0.124632	1.3953	775	1400	13.75	88.7796	0.887796	0.892737	1.54	1.5342	
05/08/2019 01:05:13.445752	0.124632	1.3953	775	1400	14.0301	88.365	0.88365	0.887329	1.55	1.5342	
05/08/2019 01:05:14.445022	0.124632	1.3953	775	1400	14.0289	88.365	0.88365	0.887329	1.55	1.54473	
05/08/2019 01:05:15.445092	0.124632	1.3953	775	1400	14.3115	89.8341	0.898341	0.899145	1.56	1.54473	
05/08/2019 01:05:16.444620	0.124632	1.3953	775	1400	14.3129	89.8341	0.898341	0.899145	1.56	1.55512	
05/08/2019 01:05:17.443802	0.124632	1.3953	775	1400	14.3717	85.1431	0.883865	0.851431	1.57	1.55512	
05/08/2019 01:05:18.443797	0.124632	1.3953	775	1400	14.3711	85.1431	0.883865	0.851431	1.57	1.56573	
05/08/2019 01:05:19.443768	0.124632	1.3953	775	1400	14.6526	88.9831	0.89229	0.889831	1.58	1.56573	
05/08/2019 01:05:20.443370	0.124632	1.3953	775	1400	14.6533	88.9831	0.89229	0.889831	1.58	1.57595	
05/08/2019 01:05:21.442432	0.124632	1.3953	775	1400	14.9348	88.4162	0.901528	0.884162	1.59	1.57595	
05/08/2019 01:05:22.442151	0.124632	1.3953	775	1400	14.9343	88.4162	0.901528	0.884162	1.59	1.58672	
05/08/2019 01:05:23.441605	0.124632	1.3953	775	1400	15.2217	89.8817	0.903322	0.898817	1.6	1.58672	
05/08/2019 01:05:24.441416	0.124632	1.3953	775	1400	15.2214	89.8817	0.903322	0.898817	1.6	1.59703	
05/08/2019 01:05:25.441128	0.124632	1.3953	775	1400	15.5135	90.7157	0.913154	0.907157	1.61	1.59703	
05/08/2019 01:05:26.440563	0.124632	1.3953	775	1400	15.5138	90.7157	0.913154	0.907157	1.61	1.60749	
05/08/2019 01:05:27.439755	0.124632	1.3953	775	1400	15.803	89.6725	0.908261	0.896725	1.62	1.60749	
05/08/2019 01:05:28.439650	0.124632	1.3953	775	1400	15.8035	89.6725	0.908261	0.896725	1.62	1.61794	
05/08/2019 01:05:29.439771	0.124632	1.3953	775	1400	15.8511	-1	0.908261	0.923986	1.63	1.61794	
05/08/2019 01:05:30.439069	0.124632	1.3953	775	1400	15.8504	-1	0.870505	0.923986	1.63	1.6284	
05/08/2019 01:05:31.438421	0.124632	1.3953	775	1400	16.1531	-1	0.870505	0.925433	1.64	1.6284	
05/08/2019 01:05:32.438077	0.124632	1.3953	775	1400	16.1515	92.5433	0.935278	0.925433	1.64	1.63878	
05/08/2019 01:05:33.437113	0.124632	1.3953	775	1400	16.4439	93.5278	0.935278	0.938311	1.65	1.63878	
05/08/2019 01:05:34.436484	0.124632	1.3953	775	1400	16.444	93.2612	0.932612	0.938311	1.65	1.64924	
05/08/2019 01:05:35.436476	0.124632	1.3953	775	1400	16.7426	92.7372	0.932612	0.927372	1.66	1.64924	
05/08/2019 01:05:36.435677	0.124632	1.3953	775	1400	16.7413	92.4792	0.924792	0.927372	1.66	1.66001	
05/08/2019 01:05:37.434918	0.124632	1.3953	775	1400	17.0443	92.4792	0.924792	0.943187	1.67	1.66001	
05/08/2019 01:05:38.434995	0.124632	1.3953	775	1400	17.0428	94.1447	0.941447	0.943187	1.67	1.67039	
05/08/2019 01:05:39.434798	0.124632	1.3953	775	1400	17.0992	95.6498	0.956498	0.958324	1.68	1.67039	
05/08/2019 01:05:40.434438	0.124632	1.3953	775	1400	17.0984	95.6498	0.956498	0.958324	1.68	1.68069	
05/08/2019 01:05:41.434129	0.124632	1.3953	775	1400	17.4044	95.0657	0.956096	0.950657	1.69	1.68069	
05/08/2019 01:05:42.434026	0.124632	1.3953	775	1400	17.4047	95.0657	0.956096	0.950657	1.69	1.69139	
05/08/2019 01:05:43.433109	0.124632	1.3953	775	1400	17.7098	95.1877	0.955525	0.951877	1.7	1.69139	
05/08/2019 01:05:44.432552	0.124632	1.3953	775	1400	17.7088	95.1877	0.955525	0.951877	1.7	1.70177	
05/08/2019 01:05:45.432349	0.124632	1.3953	775	1400	18.0193	95.5525	0.955525	0.956059	1.71	1.70177	
05/08/2019 01:05:46.431901	0.124632	1.3953	775	1400	18.021	95.6059	0.965788	0.956059	1.71	1.71223	
05/08/2019 01:05:47.431247	0.124632	1.3953	775	1400	18.3269	94.1585	0.965788	0.941585	1.72	1.71223	
05/08/2019 01:05:48.430701	0.124632	1.3953	775	1400	18.3266	94.1585	0.947937	0.941585	1.72	1.72276	
05/08/2019 01:05:49.430446	0.124632	1.3953	775	1400	18.6308	94.7937	0.954133	0.953929	1.73	1.72276	
05/08/2019 01:05:50.429659	0.124632	1.3953	775	1400	18.631	95.3929	0.954133	0.953929	1.73	1.7333	
05/08/2019 01:05:51.429317	0.124632	1.3953	775	1400	18.9403	95.2893	0.954133	0.952893	1.74	1.7333	
05/08/2019 01:05:52.428758	0.124632	1.3953	775	1400	18.9393	95.0107	0.950107	0.952893	1.74	1.74368	
05/08/2019 01:05:53.428422	0.124632	1.3953	775	1400	19.2444	95.0107	0.950107	0.958162	1.75	1.74368	
05/08/2019 01:05:54.427613	0.124632	1.3953	775	1400	19.2438	95.8015	0.958015	0.958162	1.75	1.75406	
05/08/2019 01:05:55.427338	0.124632	1.3953	775	1400	19.5502	95.8015	0.958015	0.958673	1.76	1.75406	
05/08/2019 01:05:56.426903	0.124632	1.3953	775	1400	19.5494	95.8673	0.960238	0.958673	1.76	1.76467	
05/08/2019 01:05:57.426535	0.124632	1.3953	775	1400	19.8472	94.4931	0.960238	0.944931	1.77	1.76467	
05/08/2019 01:05:58.426483	0.124632	1.3953	775	1400	19.8461	94.4931	0.948335	0.944931	1.77	1.77537	
05/08/2019 01:05:59.425960	0.124632	1.3953	775	1400	20.1482	94.5568	0.948335	0.945568	1.78	1.77537	
05/08/2019 01:06:00.425770	0.124632	1.3953	775	1400	20.1486	94.5568	0.952657	0.945568	1.78	1.78551	
05/08/2019 01:06:01.425023	0.124632	1.3953	775	1400	20.4476	93.7933	0.952657	0.937933	1.79	1.78551	
05/08/2019 01:06:02.424648	0.124632	1.3953	775	1400	20.4469	93.7933	0.943997	0.937933	1.79	1.79621	
05/08/2019 01:06:03.424297	0.124632	1.3953	775	1400	20.7445	94.2426	0.943997	0.942426	1.8	1.79621	
05/08/2019 01:06:04.423617	0.124632	1.3953	775	1400	20.7429	93.4194	0.934194	0.942426	1.8	1.80682	
05/08/2019 01:06:05.423408	0.124632	1.3953	775	1400	21.0412	93.4194	0.934194	0.935638	1.81	1.80682	
05/08/2019 01:06:06.422869	0.124632	1.3953	775	1400	21.0414	93.2769	0.932769	0.935638	1.81	1.81712	
05/08/2019 01:06:07.421878	0.124632	1.3953	775	1400	21.3373	91.9355	0.919355	0.921667	1.82	1.81712	
05/08/2019 01:06:08.421819	0.124632	1.3953	775	1400	21.3352	91.9355	0.919355	0.921667	1.82	1.82742	
05/08/2019 01:06:09.421017	0.124632	1.3953	775	1400	21.6163	91.3098	0.919355	0.913098	1.83	1.82742	
05/08/2019 01:06:10.420099	0.124632	1.3953	775	1400	21.6151	90.6751	0.906751	0.913098	1.83	1.83804	
05/08/2019 01:06:11.419577	0.124632	1.3953	775	1400	21.8987	91.0667	0.916144	0.910667	1.84	1.83804	
05/08/2019 01:06:12.419176	0.124632	1.3953	775	1400	21.8991	91.0667	0.916144	0.910667	1.84	1.84826	
05/08/2019 01:06:13.418187	0.124632	1.3953	775	1400	22.1697	90.101	0.916144	0.90101	1.85	1.84826	
05/08/2019 01:06:14.417523	0.124632	1.3953	775	1400	22.1686	90.101	0.910315	0.90101	1.85	1.85888	
05/08/2019 01:06:15.416847	0.124632	1.3953	775	1400	22.4165	89.9573	0.910315	0.899573	1.86	1.85888	
05/08/2019 01:06:16.416025	0.124632	1.3953	775	1400	22.4178	89.9573	0.903599	0.899573	1.86	1.86934	
05/08/2019 01:06:17.415593	0.124632	1.3953	775	1400	22.6546	89.163	0.89163	0.894672	1.87	1.86934	
05/08/2019 01:06:18.415280	0.124632	1.3953	775	1400	22.6539	89.163	0.89163	0.894672	1.87	1.87964	
05/08/2019 01:06:19.414699	0.124632	1.3953	775	1400	22.9156	89.163	0.89163	0.895937	1.88	1.87964	
05/08/2019 01:06:20.414735	0.124632	1.3953	775	1400	22.9148	89.5937	0.90472	0.895937	1.88	1.89041	
05/08/2019 01:06:21.414345	0.124632	1.3953	775	1400	23.1714	89.506	0.89506	0.897921	1.89	1.89041	
05/08/2019 01:06:22.413707	0.124632	1.3953	775	1400	23.1728	89.506	0.89506	0.897921	1.89	1.90063	
05/08/2019 01:06:23.413197	0.124632	1.3953	775	1400	23.4032	88.5793	0.909327	0.885793	1.9	1.90063	
05/08/2019 01:06:24.412980	0.124632	1.3953	775	1400	23.4043	88.5793	0.909327	0.885793	1.9	1.91125	
05/08/2019 01:06:25.412317	0.124632	1.3953	775	1400	23.6398	87.9527	0.894893	0.879527	1.91	1.91125	
05/08/2019 01:06:26.412002	0.124632	1.3953	775	1400	23.6395	87.9527	0.894893	0.879527	1.91	1.92186	
05/08/2019 01:06:27.411143	0.124632	1.3953	775	1400	23.8794	90.1965	0.901965	0.905942	1.92	1.92186	
05/08/2019 01:06:28.410802	0.124632	1.3953	775	1400	23.8784	90.1965	0.901965	0.905942	1.92	1.93193	
05/08/2019 01:06:29.410218	0.124632	1.3953	775	1400	24.0999	90.1965	0.895826	0.907225	1.93	1.93193	
05/08/2019 01:06:30.409722	0.124632	1.3953	775	1400	24.1005	89.5826	0.895826	0.907225	1.93	1.94262	
05/08/2019 01:06:31.409235	0.124632	1.3953	775	1400	24.3592	90.1104	0.906433	0.901104	1.94	1.94262	
05/08/2019 01:06:32.408745	0.124632	1.3953	775	1400	24.3592	90.1104	0.906433	0.901104	1.94	1.95324	
05/08/2019 01:06:33.408032	0.124632	1.3953	775	1400	24.6145	89.5663	0.906433	0.895663	1.95	1.95324	
05/08/2019 01:06:34.407882	0.124632	1.3953	775	1400	24.6139	89.5663	0.90114	0.895663	1.95	1.96354	
05/08/2019 01:06:35.407589	0.124632	1.3953	775	1400	24.8639	90.114	0.90114	0.902427	1.96	1.96354	
05/08/2019 01:06:36.407030	0.124632	1.3953	775	1400	24.8635	90.2427	0.909665	0.902427	1.96	1.97408	
05/08/2019 01:06:37.406937	0.124632	1.3953	775	1400	25.1181	91.2177	0.918749	0.912177	1.97	1.97408	
05/08/2019 01:06:38.406502	0.124632	1.3953	775	1400	25.1178	91.2177	0.918749	0.912177	1.97	1.98446	
05/08/2019 01:06:39.405805	0.124632	1.3953	775	1400	25.3143	91.9273	0.919273	0.922546	1.98	1.98446	
05/08/2019 01:06:40.405375	0.124632	1.3953	775	1400	25.3144	91.9273	0.919273	0.922546	1.98	1.99499	
05/08/2019 01:06:41.404420	0.124632	1.3953	775	1400	25.5434	90.0689	0.900689	0.910181	1.99	1.99499	
05/08/2019 01:06:42.403766	0.124632	1.3953	775	1400	25.5428	90.0689	0.900689	0.910181	1.99	2.00561	
05/08/2019 01:06:43.403755	0.124632	1.3953	775	1400	25.7663	89.947	0.909681	0.89947	2	2.00561	
05/08/2019 01:06:44.403767	0.124632	1.3953	775	1400	25.7663	89.947	0.909681	0.89947	2	2.01568	
05/08/2019 01:06:45.403343	0.124632	1.3953	775	1400	25.9306	91.6299	0.929063	0.916299	2.01	2.01568	
05/08/2019 01:06:46.402543	0.124632	1.3953	775	1400	25.9302	91.6299	0.929063	0.916299	2.01	2.0266	
05/08/2019 01:06:47.402579	0.124632	1.3953	775	1400	26.1246	91.7024	0.933724	0.917024	2.02	2.0266	
05/08/2019 01:06:48.402268	0.124632	1.3953	775	1400	26.1238	91.7024	0.933724	0.917024	2.02	2.03698	
05/08/2019 01:06:49.402540	0.124632	1.3953	775	1400	26.311	92.0807	0.933724	0.920807	2.03	2.03698	
05/08/2019 01:06:50.402379	0.124632	1.3953	775	1400	26.3121	92.0807	0.923628	0.920807	2.03	2.04744	
05/08/2019 01:06:51.401597	0.124632	1.3953	775	1400	26.5025	91.0555	0.922884	0.910555	2.04	2.04744	
05/08/2019 01:06:52.400612	0.124632	1.3953	775	1400	26.5026	91.0555	0.922884	0.910555	2.04	2.05767	
05/08/2019 01:06:53.400307	0.124632	1.3953	775	1400	26.6795	91.8982	0.919059	0.918982	2.05	2.05767	
05/08/2019 01:06:54.400051	0.124632	1.3953	775	1400	26.6786	91.8982	0.919059	0.918982	2.05	2.06844	
05/08/2019 01:06:55.399834	0.124632	1.3953	775	1400	26.8443	91.9059	0.919059	0.922676	2.06	2.06844	
05/08/2019 01:06:56.399233	0.124632	1.3953	775	1400	26.8453	91.6537	0.916537	0.922676	2.06	2.07866	
05/08/2019 01:06:57.399174	0.124632	1.3953	775	1400	27.0078	90.7907	0.916537	0.907907	2.07	2.07866	
05/08/2019 01:06:58.398289	0.124632	1.3953	775	1400	27.0071	90.4758	0.904758	0.907907	2.07	2.08912	
05/08/2019 01:06:59.398423	0.124632	1.3953	775	1400	27.1594	90.4758	0.904758	0.912521	2.08	2.08912	
05/08/2019 01:07:00.398077	0.124632	1.3953	775	1400	27.1581	90.9652	0.909652	0.912521	2.08	2.09973	
05/08/2019 01:07:01.397568	0.124632	1.3953	775	1400	27.303	89.8058	0.909652	0.898058	2.09	2.09973	
05/08/2019 01:07:02.397870	0.124632	1.3953	775	1400	27.3034	89.8058	0.904029	0.898058	2.09	2.11011	
05/08/2019 01:07:03.397768	0.124632	1.3953	775	1400	27.4633	88.9612	0.902207	0.889612	2.1	2.11011	
05/08/2019 01:07:04.397439	0.124632	1.3953	775	1400	27.463	88.9612	0.902207	0.889612	2.1	2.12049	
05/08/2019 01:07:05.396657	0.124632	1.3953	775	1400	27.5798	85.8407	0.869026	0.858407	2.1	2.12049	
05/08/2019 01:07:06.395749	0.124632	1.3953	775	1400	27.5777	85.8407	0.869026	0.858407	2.1	2.12049	
05/08/2019 01:07:07.395021	0.124632	1.3953	775	1400	27.7286	87.7272	0.877272	0.891189	2.1	2.12049	
05/08/2019 01:07:08.394909	0.124632	1.3953	775	1400	27.7283	87.7272	0.877272	0.891189	2.1	2.12049	
05/08/2019 01:07:09.393945	0.124632	1.3953	775	1400	27.8727	87.7272	0.877272	0.892125	2.1	2.12049	
05/08/2019 01:07:10.394002	0.124632	1.3953	775	1400	27.872	89.2125	0.893197	0.892125	2.1	2.12049	
05/08/2019 01:07:11.393451	0.124632	1.3953	775	1400	28.0387	86.7707	0.893197	0.867707	2.1	2.12049	
05/08/2019 01:07:12.393460	0.124632	1.3953	775	1400	28.0381	86.1257	0.861257	0.867707	2.1	2.12049	
05/08/2019 01:07:13.392954	0.124632	1.3953	775	1400	28.1357	86.1257	0.861257	0.868507	2.1	2.12049	
05/08/2019 01:07:14.392828	0.124632	1.3953	775	1400	28.1342	86.8507	0.878509	0.868507	2.1	2.12049	
05/08/2019 01:07:15.392105	0.124632	1.3953	775	1400	28.272	87.8509	0.878509	0.885524	2.1	2.12049	
05/08/2019 01:07:16.391802	0.124632	1.3953	775	1400	28.2716	88.1607	0.881607	0.885524	2.1	2.12049	
05/08/2019 01:07:17.391660	0.124632	1.3953	775	1400	28.4318	88.0326	0.881607	0.880326	2.1	2.12049	
05/08/2019 01:07:18.391052	0.124632	1.3953	775	1400	28.4317	87.923	0.87923	0.880326	2.1	2.12049	
05/08/2019 01:07:19.390123	0.124632	1.3953	775	1400	28.5891	87.923	0.87923	0.898738	2.1	2.12049	
05/08/2019 01:07:20.389661	0.124632	1.3953	775	1400	28.5893	89.8738	0.900432	0.898738	2.1	2.12049	
05/08/2019 01:07:21.388993	0.124632	1.3953	775	1400	28.7319	87.3152	0.900432	0.873152	2.1	2.12049	
05/08/2019 01:07:22.388444	0.124632	1.3953	775	1400	28.731	87.3152	0.87854	0.873152	2.1	2.12049	
05/08/2019 01:07:23.387661	0.124632	1.3953	775	1400	28.8492	87.854	0.87854	0.885585	2.1	2.12049	
05/08/2019 01:07:24.387304	0.124632	1.3953	775	1400	28.8491	88.5585	0.908258	0.885585	2.1	2.12049	
05/08/2019 01:07:25.386718	0.124632	1.3953	775	1400	28.9732	90.5653	0.908258	0.905653	2.1	2.12049	
05/08/2019 01:07:26.386363	0.124632	1.3953	775	1400	28.9727	89.9769	0.899769	0.905653	2.1	2.12049	
05/08/2019 01:07:27.386020	0.124632	1.3953	775	1400	29.0994	86.3654	0.899769	0.863654	2.1	2.12049	
05/08/2019 01:07:28.385965	0.124632	1.3953	775	1400	29.0991	86.3654	0.864645	0.863654	2.1	2.12049	
05/08/2019 01:07:29.385132	0.124632	1.3953	775	1400	29.2354	86.4645	0.864645	0.887321	2.1	2.12049	
05/08/2019 01:07:30.384701	0.124632	1.3953	775	1400	29.2339	88.3359	0.883359	0.887321	2.1	2.12049	
05/08/2019 01:07:31.384018	0.124632	1.3953	775	1400	29.3625	88.3359	0.883359	0.889235	2.1	2.12049	
05/08/2019 01:07:32.383377	0.124632	1.3953	775	1400	29.3624	88.4283	0.884283	0.889235	2.1	2.12049	
05/08/2019 01:07:33.383112	0.124632	1.3953	775	1400	29.477	85.5674	0.884283	0.855674	2.1	2.12049	
05/08/2019 01:07:34.382869	0.124632	1.3953	775	1400	29.4765	84.8409	0.848409	0.855674	2.1	2.12049	
05/08/2019 01:07:35.382385	0.124632	1.3953	775	1400	29.6141	84.8409	0.848409	0.878013	2.1	2.12049	
05/08/2019 01:07:36.381885	0.124632	1.3953	775	1400	29.6143	87.8013	0.879325	0.878013	2.1	2.12049	
05/08/2019 01:07:37.381377	0.124632	1.3953	775	1400	29.7569	87.335	0.879325	0.87335	2.1	2.12049	
05/08/2019 01:07:38.381395	0.124632	1.3953	775	1400	29.7553	86.6063	0.866063	0.87335	2.1	2.12049	
05/08/2019 01:07:39.381147	0.124632	1.3953	775	1400	29.9043	86.6063	0.866063	0.887457	2.1	2.12049	
05/08/2019 01:07:40.380408	0.124632	1.3953	775	1400	29.9034	88.6078	0.886078	0.887457	2.1	2.12049	
05/08/2019 01:07:41.380338	0.124632	1.3953	775	1400	30.0469	87.2877	0.878887	0.872877	2.1	2.12049	
05/08/2019 01:07:42.380325	0.124632	1.3953	775	1400	30.0462	87.2877	0.878887	0.872877	2.1	2.12049	
05/08/2019 01:07:43.380088	0.124632	1.3953	775	1400	30.1998	87.7117	0.878887	0.877117	2.1	2.12049	
