Time	PKC00V []	PSEK2D1R:set [kV]	PAHB:sCavSet [kV]	PAHR:sCavSet []	TOPUPCC:rdCur [mA]	TOPUPCC:rdEffBoostR [%]	TOPUP1T5G:rdEffBoostRraw []	TOPUP2T5G:rdEffBoostRraw []	PAHB:sDelay [ns]	PAHB:pDelay [ns]	
05/07/2019 21:30:21.282169	0.124632	1.3953	775	1400	18.2097	75.9752	0.768125	0.759752	2	2.0156	
05/07/2019 21:30:22.282211	0.124632	1.3953	775	1400	18.2094	75.9752	0.768125	0.759752	2	2.0156	
05/07/2019 21:30:23.282116	0.124632	1.3953	775	1400	18.209	75.9752	0.768125	0.759752	2	2.0156	
05/07/2019 21:30:24.282030	0.124632	1.3953	775	1400	18.209	75.9752	0.768125	0.759752	2	2.0156	
05/07/2019 21:30:25.281197	0.124632	1.3953	775	1400	18.208	75.9752	0.768125	0.759752	2	2.0156	
05/07/2019 21:30:26.281182	0.124632	1.3953	775	1400	18.2072	75.9752	0.768125	0.759752	2	2.0156	
05/07/2019 21:30:27.281055	0.124632	1.3953	775	1400	18.2072	75.9752	0.768125	0.759752	2	2.0156	
05/07/2019 21:30:28.280127	0.124632	1.3953	775	1400	18.2065	75.9752	0.768125	0.759752	2	2.0156	
05/07/2019 21:30:29.280310	0.124632	1.3953	775	1400	18.2067	75.9752	0.768125	0.759752	2	2.0156	
05/07/2019 21:30:30.279655	0.124632	1.3953	775	1400	18.2076	75.9752	0.768125	0.759752	2	2.0156	
05/07/2019 21:30:31.278941	0.124632	1.3953	775	1400	18.2056	75.9752	0.768125	0.759752	2	2.0156	
05/07/2019 21:30:32.278513	0.124632	1.3953	775	1400	18.2069	75.9752	0.768125	0.759752	2	2.0156	
05/07/2019 21:30:33.277841	0.124632	1.3953	775	1400	18.2056	75.9752	0.768125	0.759752	2	2.0156	
05/07/2019 21:30:34.277256	0.124632	1.3953	775	1400	18.2054	75.9752	0.768125	0.759752	2	2.0156	
05/07/2019 21:30:35.276771	0.124632	1.3953	775	1400	18.2056	75.9752	0.768125	0.759752	2	2.0156	
05/07/2019 21:30:36.276256	0.124632	1.3953	775	1400	18.2051	75.9752	0.768125	0.759752	2	2.0156	
05/07/2019 21:30:37.275344	0.124632	1.3953	775	1400	18.2058	75.9752	0.768125	0.759752	2	2.0156	
05/07/2019 21:30:38.274380	0.124632	1.3953	775	1400	18.2062	75.9752	0.768125	0.759752	0	2.01591	
05/07/2019 21:30:39.274330	0.124632	1.3953	775	1400	18.2061	75.9752	0.768125	0.759752	0	1.97345	
05/07/2019 21:30:40.274114	0.124632	1.3953	775	1400	18.2055	75.9752	0.768125	0.759752	0	1.92015	
05/07/2019 21:30:41.273145	0.124632	1.3953	775	1400	18.206	75.9752	0.768125	0.759752	0	1.84054	
05/07/2019 21:30:42.272333	0.124632	1.3953	775	1400	18.2045	75.9752	0.768125	0.759752	0	1.787	
05/07/2019 21:30:43.272174	0.124632	1.3953	775	1400	18.2043	75.9752	0.768125	0.759752	0	1.70684	
05/07/2019 21:30:44.271763	0.124632	1.3953	775	1400	18.2049	75.9752	0.768125	0.759752	0	1.6533	
05/07/2019 21:30:45.271227	0.124632	1.3953	775	1400	18.2048	75.9752	0.768125	0.759752	0	1.57361	
05/07/2019 21:30:46.270379	0.124632	1.3953	775	1400	18.2044	75.9752	0.768125	0.759752	0	1.51999	
05/07/2019 21:30:47.269554	0.124632	1.3953	775	1400	18.2034	75.9752	0.768125	0.759752	0	1.43992	
05/07/2019 21:30:48.269234	0.124632	1.3953	775	1400	18.2025	75.9752	0.768125	0.759752	0	1.38661	
05/07/2019 21:30:49.268738	0.124632	1.3953	775	1400	18.2039	75.9752	0.768125	0.759752	0	1.30645	
05/07/2019 21:30:50.268320	0.124632	1.3953	775	1400	18.2032	75.9752	0.768125	0.759752	0	1.25377	
05/07/2019 21:30:51.267526	0.124632	1.3953	775	1400	18.2034	75.9752	0.768125	0.759752	0	1.17369	
05/07/2019 21:30:52.266693	0.124632	1.3953	775	1400	18.2033	75.9752	0.768125	0.759752	0	1.12008	
05/07/2019 21:30:53.265975	0.124632	1.3953	775	0	12.6984	75.9752	0.768125	0.759752	0	1.04031	
05/07/2019 21:30:54.265308	0.124632	1.3953	775	0	0	75.9752	0.768125	0.759752	0	0.986301	
05/07/2019 21:30:55.264769	0.124632	1.3953	775	0	0	75.9752	0.768125	0.759752	0	0.906614	
05/07/2019 21:30:56.264148	0.124632	1.3953	775	1400	0	75.9752	0.768125	0.759752	0	0.853073	
05/07/2019 21:30:57.263763	0.124632	1.3953	775	1400	0	75.9752	0.768125	0.759752	0	0.773152	
05/07/2019 21:30:58.263524	0.124632	1.3953	775	1400	0	75.9752	0.768125	0.759752	0	0.720002	
05/07/2019 21:30:59.262997	0.124632	1.3953	775	1400	0	75.9752	0.768125	0.759752	0	0.640002	
05/07/2019 21:31:00.262887	0.124632	1.3953	775	1400	0	75.9752	0.768125	0.759752	0	0.586774	
05/07/2019 21:31:01.262253	0.124632	1.3953	775	1400	0	75.9752	0.768125	0.759752	0	0.506306	
05/07/2019 21:31:02.261260	0.124632	1.3953	775	1400	0	75.9752	0.768125	0.759752	0	0.452999	
05/07/2019 21:31:03.260816	0.124632	1.3953	775	1400	0	75.9752	0.768125	0.759752	0	0.372766	
05/07/2019 21:31:04.260110	0.124632	1.3953	775	1400	0	75.9752	0.768125	0.759752	0	0.319459	
05/07/2019 21:31:05.260111	0.124632	1.3953	775	1400	0	75.9752	0.768125	0.759752	0	0.239928	
05/07/2019 21:31:06.260111	0.124632	1.3953	775	1400	0	75.9752	0.768125	0.759752	0	0.186387	
05/07/2019 21:31:07.259333	0.124632	1.3953	775	1400	0	75.9752	0.768125	0.759752	0	0.10631	
05/07/2019 21:31:08.258657	0.124632	1.3953	775	1400	0	75.9752	0.768125	0.759752	0	0.0526131	
05/07/2019 21:31:09.258018	0.124632	1.3953	775	1400	0	75.9752	0.768125	0.759752	0	-0.0269959	
05/07/2019 21:31:10.258324	0.124632	1.3953	775	1400	0	75.9752	0.768125	0.759752	0	-0.0584492	
05/07/2019 21:31:11.257908	0.124632	1.3953	775	1400	0	75.9752	0.768125	0.759752	0	-0.0703906	
05/07/2019 21:31:12.256924	0.124632	1.3953	775	1400	0	75.9752	0.768125	0.759752	0	-0.0703906	
05/07/2019 21:31:13.256093	0.124632	1.3953	775	1400	0	75.9752	0.768125	0.759752	0	-0.0703906	
05/07/2019 21:31:14.256056	0.124632	1.3953	775	1400	0	75.9752	0.768125	0.759752	0	-0.0703906	
05/07/2019 21:31:15.255965	0.124632	1.3953	775	1400	0	75.9752	0.768125	0.759752	0	-0.0703906	
05/07/2019 21:31:16.255440	0.124632	1.3953	775	1400	0	75.9752	0.768125	0.759752	0	-0.0703906	
05/07/2019 21:31:17.254822	0.124632	1.3953	775	1400	0	75.9752	0.768125	0.759752	0	-0.0703906	
05/07/2019 21:31:18.254255	0.124632	1.3953	775	1400	0	75.9752	0.768125	0.759752	0	-0.0703906	
05/07/2019 21:31:19.254089	0.124632	1.3953	775	1400	0	75.9752	0.768125	0.759752	0	-0.0703906	
05/07/2019 21:31:20.253788	0.124632	1.3953	775	1400	0	75.9752	0.768125	0.759752	0	-0.0703906	
05/07/2019 21:31:21.253669	0.124632	1.3953	775	1400	0	75.9752	0.768125	0.759752	0	-0.0703906	
05/07/2019 21:31:22.253473	0.124632	1.3953	775	1400	0	75.9752	0.768125	0.759752	0	-0.0703906	
05/07/2019 21:31:23.253287	0.124632	1.3953	775	1400	0	75.9752	0.768125	0.759752	0	-0.0703906	
05/07/2019 21:31:24.253099	0.124632	1.3953	775	1400	0	75.9752	0.768125	0.759752	0	-0.0703906	
05/07/2019 21:31:25.252164	0.124632	1.3953	775	1400	0	75.9752	0.768125	0.759752	0	-0.0703906	
05/07/2019 21:31:26.251174	0.124632	1.3953	775	1400	0	75.9752	0.768125	0.759752	0	-0.0703906	
05/07/2019 21:31:27.250814	0.124632	1.3953	775	1400	0	75.9752	0.768125	0.759752	0	-0.0703906	
05/07/2019 21:31:28.249960	0.124632	1.3953	775	1400	0	75.9752	0.768125	0.759752	0	-0.0703906	
05/07/2019 21:31:29.249967	0.124632	1.3953	775	1400	0	75.9752	0.768125	0.759752	0	-0.0703906	
05/07/2019 21:31:30.249895	0.124632	1.3953	775	1400	0	75.9752	0.768125	0.759752	0	-0.0703906	
05/07/2019 21:31:31.248951	0.124632	1.3953	775	1400	0	75.9752	0.768125	0.759752	0	-0.0703906	
05/07/2019 21:31:32.248144	0.124632	1.3953	775	1400	0	75.9752	0.768125	0.759752	0	-0.0703906	
05/07/2019 21:31:33.247780	0.124632	1.3953	775	1400	0	75.9752	0.768125	0.759752	0	-0.0703906	
05/07/2019 21:31:34.247328	0.124632	1.3953	775	1400	0	75.9752	0.768125	0.759752	0	-0.0703906	
05/07/2019 21:31:35.246398	0.124632	1.3953	775	1400	0	75.9752	0.768125	0.759752	0	-0.0703906	
05/07/2019 21:31:36.246220	0.124632	1.3953	775	1400	0	75.9752	0.768125	0.759752	0	-0.0703906	
05/07/2019 21:31:37.245978	0.124632	1.3953	775	1400	0	75.9752	0.768125	0.759752	0	-0.0703906	
05/07/2019 21:31:38.245788	0.124632	1.3953	775	1400	0	75.9752	0.768125	0.759752	0	-0.0703906	
05/07/2019 21:31:39.245710	0.124632	1.3953	775	1400	0	75.9752	0.768125	0.759752	0	-0.0703906	
05/07/2019 21:31:40.245064	0.124632	1.3953	775	1400	0	75.9752	0.768125	0.759752	0	-0.0703906	
05/07/2019 21:31:41.244589	0.124632	1.3953	775	1400	0	75.9752	0.768125	0.759752	0	-0.0703906	
05/07/2019 21:31:42.244397	0.124632	1.3953	775	1400	0	75.9752	0.768125	0.759752	0	-0.0703906	
05/07/2019 21:31:43.244158	0.124632	1.3953	775	1400	0	75.9752	0.768125	0.759752	0	-0.0703906	
05/07/2019 21:31:44.243926	0.124632	1.3953	775	1400	0	75.9752	0.768125	0.759752	0	-0.0703906	
05/07/2019 21:31:45.242985	0.124632	1.3953	775	1400	0	75.9752	0.768125	0.759752	0	-0.0703906	
05/07/2019 21:31:46.242191	0.124632	1.3953	775	1400	0	75.9752	0.768125	0.759752	0	-0.0703906	
05/07/2019 21:31:47.241226	0.124632	1.3953	775	1400	0	75.9752	0.768125	0.759752	0	-0.0703906	
05/07/2019 21:31:48.241121	0.124632	1.3953	775	1400	0	75.9752	0.768125	0.759752	0	-0.0703906	
05/07/2019 21:31:49.240987	0.124632	1.3953	775	1400	0	75.9752	0.768125	0.759752	0	-0.0703906	
05/07/2019 21:31:50.240840	0.124632	1.3953	775	1400	0	75.9752	0.768125	0.759752	0	-0.0703906	
05/07/2019 21:31:51.240035	0.124632	1.3953	775	1400	0	75.9752	0.768125	0.759752	0	-0.0703906	
05/07/2019 21:31:52.239766	0.124632	1.3953	775	1400	0	75.9752	0.768125	0.759752	0	-0.0703906	
05/07/2019 21:31:53.239789	0.124632	1.3953	775	1400	0	75.9752	0.768125	0.759752	0	-0.0703906	
05/07/2019 21:31:54.238987	0.124632	1.3953	775	1400	0	75.9752	0.768125	0.759752	0	-0.0703906	
05/07/2019 21:31:55.238809	0.124632	1.3953	775	1400	0	75.9752	0.768125	0.759752	0	-0.0703906	
05/07/2019 21:31:56.238133	0.124632	1.3953	775	1400	0	75.9752	0.768125	0.759752	0	-0.0703906	
05/07/2019 21:31:57.237211	0.124632	1.3953	775	1400	0	75.9752	0.768125	0.759752	0	-0.0703906	
05/07/2019 21:31:58.236234	0.124632	1.3953	775	1400	0	75.9752	0.768125	0.759752	0	-0.0703906	
05/07/2019 21:31:59.235339	0.124632	1.3953	775	1400	0	75.9752	0.768125	0.759752	0	-0.0703906	
05/07/2019 21:32:00.235146	0.124632	1.3953	775	1400	0	75.9752	0.768125	0.759752	0.01	-0.0703906	
05/07/2019 21:32:01.235213	0.124632	1.3953	775	1400	0	75.9752	0.768125	0.759752	0.01	-0.0703906	
05/07/2019 21:32:02.234352	0.124632	1.3953	775	1400	0	75.9752	0.768125	0.759752	0.02	-0.0703906	
05/07/2019 21:32:03.233798	0.124632	1.3953	775	1400	0	75.9752	0.768125	0.759752	0.02	-0.0614931	
05/07/2019 21:32:04.233469	0.124632	1.3953	775	1400	0	75.9752	0.768125	0.759752	0.03	-0.0578248	
05/07/2019 21:32:05.232839	0.124632	1.3953	775	1400	0	75.9752	0.768125	0.759752	0.03	-0.0474444	
05/07/2019 21:32:06.232918	0.124632	1.3953	775	1400	0	75.9752	0.768125	0.759752	0.04	-0.0474444	
05/07/2019 21:32:07.232726	0.124632	1.3953	775	1400	0	75.9752	0.768125	0.759752	0.04	-0.036986	
05/07/2019 21:32:08.232626	0.124632	1.3953	775	1400	0	75.9752	0.768125	0.759752	0.05	-0.036986	
05/07/2019 21:32:09.232169	0.124632	1.3953	775	1400	0	75.9752	0.768125	0.759752	0.05	-0.0263715	
05/07/2019 21:32:10.231670	0.124632	1.3953	775	1400	0	75.9752	0.768125	0.759752	0.06	-0.0263715	
05/07/2019 21:32:11.230696	0.124632	1.3953	775	1400	0	75.9752	0.768125	0.759752	0.06	-0.0159911	
05/07/2019 21:32:12.229915	0.124632	1.3953	775	1400	0	75.9752	0.768125	0.759752	0.07	-0.0159911	
05/07/2019 21:32:13.229469	0.124632	1.3953	775	1400	0	75.9752	0.768125	0.759752	0.07	-0.00545462	
05/07/2019 21:32:14.229142	0.124632	1.3953	775	1400	0	75.9752	0.768125	0.759752	0.07	-0.00545462	
05/07/2019 21:32:15.228835	0.124632	1.3953	775	1400	0	75.9752	0.768125	0.759752	0.07	-0.00545462	
05/07/2019 21:32:16.228490	0.124632	1.3953	775	1400	0	75.9752	0.768125	0.759752	0.07	-0.00545462	
05/07/2019 21:32:17.227663	0.124632	1.3953	775	1400	0	75.9752	0.768125	0.759752	0.07	-0.00545462	
05/07/2019 21:32:18.227145	0.124632	1.3953	775	1400	0	75.9752	0.768125	0.759752	0.07	-0.00545462	
05/07/2019 21:32:19.227163	0.124632	1.3953	775	1400	0	75.9752	0.768125	0.759752	0.07	-0.00545462	
05/07/2019 21:32:20.226515	0.124632	1.3953	775	1400	0	75.9752	0.768125	0.759752	0.07	-0.00545462	
05/07/2019 21:32:21.226739	0.124632	1.3953	775	1400	0	75.9752	0.768125	0.759752	0.07	-0.00545462	
05/07/2019 21:32:22.226685	0.124632	1.3953	775	1400	0	75.9752	0.768125	0.759752	0	-0.00545462	
05/07/2019 21:32:23.226200	0.124632	1.3953	775	1400	0	75.9752	0.768125	0.759752	0	-0.0484591	
05/07/2019 21:32:24.225925	0.124632	1.3953	775	1400	0	75.9752	0.768125	0.759752	0	-0.066254	
05/07/2019 21:32:25.225378	0.124632	1.3953	775	1400	0	75.9752	0.768125	0.759752	0	-0.0702345	
05/07/2019 21:32:26.224592	0.124632	1.3953	775	1400	0	75.9752	0.768125	0.759752	0	-0.0702345	
05/07/2019 21:32:27.224277	0.124632	1.3953	775	1400	0	75.9752	0.768125	0.759752	0	-0.0702345	
05/07/2019 21:32:28.224014	0.124632	1.3953	775	1400	0	75.9752	0.768125	0.759752	0	-0.0702345	
05/07/2019 21:32:29.223141	0.124632	1.3953	775	1400	0	75.9752	0.768125	0.759752	0	-0.0702345	
05/07/2019 21:32:30.222220	0.124632	1.3953	775	1400	0	75.9752	0.768125	0.759752	0	-0.0702345	
05/07/2019 21:32:31.221378	0.124632	1.3953	775	1400	0	75.9752	0.768125	0.759752	0	-0.0702345	
05/07/2019 21:32:32.220462	0.124632	1.3953	775	1400	0	75.9752	0.768125	0.759752	0	-0.0702345	
05/07/2019 21:32:33.220364	0.124632	1.3953	775	1400	0	75.9752	0.768125	0.759752	0	-0.0702345	
05/07/2019 21:32:34.219698	0.124632	1.3953	775	1400	0	75.9752	0.768125	0.759752	0	-0.0702345	
05/07/2019 21:32:35.219609	0.124632	1.3953	775	1400	0.0598403	82.1866	0.821866	0.82878	0	-0.0702345	
05/07/2019 21:32:36.219104	0.124632	1.3953	775	1400	0.155322	2.3727	0.023727	0.0402045	0	-0.0702345	
05/07/2019 21:32:37.218229	0.124632	1.3953	775	1400	0.238156	-1	0.023727	-0.119941	0	-0.0702345	
05/07/2019 21:32:38.217757	0.124632	1.3953	775	1400	0.32171	-1	-0.103718	0.733725	0	-0.0702345	
05/07/2019 21:32:39.217370	0.124632	1.3953	775	1400	0.402775	71.4613	0.742851	0.714613	0	-0.0702345	
05/07/2019 21:32:40.217126	0.124632	1.3953	775	1400	0.480746	71.0082	0.712997	0.710082	0	-0.0702345	
05/07/2019 21:32:41.216274	0.124632	1.3953	775	1400	0.480746	71.0082	0.712997	0.710082	0	-0.0702345	
05/07/2019 21:32:42.215999	0.124632	1.3953	775	1400	0.558177	69.8123	0.700818	0.698123	0	-0.0702345	
05/07/2019 21:32:43.215742	0.124632	1.3953	775	1400	0.635202	68.8168	0.728444	0.688168	0	-0.0702345	
05/07/2019 21:32:44.215691	0.124632	1.3953	775	1400	0.714865	71.3496	0.728444	0.713496	0.01	-0.0702345	
05/07/2019 21:32:45.215032	0.124632	1.3953	775	1400	0.79403	72.6078	0.742887	0.726078	0.01	-0.0702345	
05/07/2019 21:32:46.214140	0.124632	1.3953	775	1400	0.877749	70.7135	0.707135	0.743283	0.02	-0.0702345	
05/07/2019 21:32:47.213836	0.124632	1.3953	775	1400	0.966552	70.1744	0.707979	0.701744	0.02	-0.0582151	
05/07/2019 21:32:48.213831	0.124632	1.3953	775	1400	1.04672	70.9502	0.709502	0.740242	0.03	-0.0525956	
05/07/2019 21:32:49.213975	0.124632	1.3953	775	1400	1.12459	70.7013	0.717753	0.707013	0.03	-0.0477566	
05/07/2019 21:32:50.213607	0.124632	1.3953	775	1400	1.28171	70.349	0.70349	0.722096	0.04	-0.0424494	
05/07/2019 21:32:51.213460	0.124632	1.3953	775	1400	1.36104	68.1868	0.682086	0.681868	0.04	-0.036908	
05/07/2019 21:32:52.212917	0.124632	1.3953	775	1400	1.44343	72.2745	0.722745	0.723463	0.05	-0.0316788	
05/07/2019 21:32:53.212694	0.124632	1.3953	775	1400	1.52755	69.5878	0.695878	0.709244	0.05	-0.0267617	
05/07/2019 21:32:54.211718	0.124632	1.3953	775	1400	1.60702	63.8568	0.638568	0.640435	0.06	-0.0214545	
05/07/2019 21:32:55.211572	0.124632	1.3953	775	1400	1.68385	64.8899	0.649586	0.648899	0.06	-0.0163813	
05/07/2019 21:32:56.211268	0.124632	1.3953	775	1400	1.76349	63.9626	0.639626	0.661572	0.07	-0.0107619	
05/07/2019 21:32:57.210598	0.124632	1.3953	775	1400	1.76349	66.1572	0.708797	0.712056	0.07	-0.00576682	
05/07/2019 21:32:58.210725	0.124632	1.3953	775	1400	1.8483	62.213	0.62213	0.712056	0.08	-0.000771744	
05/07/2019 21:32:59.209957	0.124632	1.3953	775	1400	1.91802	60.835	0.650761	0.60835	0.08	0.005316	
05/07/2019 21:33:00.209460	0.124632	1.3953	775	1400	1.99335	64.1017	0.64721	0.641017	0.09	0.00999888	
05/07/2019 21:33:01.208885	0.124632	1.3953	775	1400	2.07117	58.3838	0.583838	0.634917	0.09	0.0153061	
05/07/2019 21:33:02.208655	0.124632	1.3953	775	1400	2.20319	59.944	0.601971	0.59944	0.1	0.0200671	
05/07/2019 21:33:03.208263	0.124632	1.3953	775	1400	2.20319	-1	0.504509	0.59944	0.1	0.0259987	
05/07/2019 21:33:04.207642	0.124632	1.3953	775	1400	2.24126	-1	0.617838	0.49806	0.11	0.0309157	
05/07/2019 21:33:05.207480	0.124632	1.3953	775	1400	2.36471	53.7049	0.538266	0.537049	0.11	0.0365352	
05/07/2019 21:33:06.207701	0.124632	1.3953	775	1400	2.42355	52.9011	0.529011	0.532667	0.12	0.0412181	
05/07/2019 21:33:07.207614	0.124632	1.3953	775	1400	2.42355	47.8533	0.478533	0.532667	0.12	0.0471497	
05/07/2019 21:33:08.207782	0.124632	1.3953	775	1400	2.53637	49.3036	0.493036	0.495739	0.13	0.0517546	
05/07/2019 21:33:09.206880	0.124632	1.3953	775	1400	2.59117	46.2804	0.476821	0.462804	0.13	0.0571399	
05/07/2019 21:33:10.206958	0.124632	1.3953	775	1400	2.59117	45.8778	0.458778	0.462804	0.14	0.0619788	
05/07/2019 21:33:11.206048	0.124632	1.3953	775	1400	2.69357	-1	0.438698	0.432521	0.14	0.0678324	
05/07/2019 21:33:12.205901	0.124632	1.3953	775	1400	2.7419	-1	0.449556	0.441522	0.15	0.0724373	
05/07/2019 21:33:13.205659	0.124632	1.3953	775	1400	2.78507	-1	0.369191	0.365732	0.15	0.0779787	
05/07/2019 21:33:14.205297	0.124632	1.3953	775	1400	2.78507	-1	0.328818	0.365732	0.16	0.0827396	
05/07/2019 21:33:15.205233	0.124632	1.3953	775	1400	2.86109	-1	0.303043	0.313975	0.16	0.0889835	
05/07/2019 21:33:16.204936	0.124632	1.3953	775	1400	2.89644	-1	0.297411	0.288002	0.17	0.09312	
05/07/2019 21:33:17.204449	0.124632	1.3953	775	1400	2.93436	-1	0.288218	0.28658	0.17	0.0992858	
05/07/2019 21:33:18.204446	0.124632	1.3953	775	1400	2.96637	-1	0.237353	0.233509	0.18	0.103656	
05/07/2019 21:33:19.204493	0.124632	1.3953	775	1400	2.99277	-1	0.172743	0.186093	0.18	0.109978	
05/07/2019 21:33:20.204247	0.124632	1.3953	775	1400	3.01996	-1	0.18287	0.184999	0.19	0.113881	
05/07/2019 21:33:21.203829	0.124632	1.3953	775	1400	3.04255	-1	0.142107	0.139981	0.19	0.120359	
05/07/2019 21:33:22.202866	0.124632	1.3953	775	1400	3.06304	-1	0.141035	0.127723	0.2	0.124183	
05/07/2019 21:33:23.202181	0.124632	1.3953	775	1400	3.08333	-1	0.136936	0.121961	0.2	0.130817	
05/07/2019 21:33:24.201809	0.124632	1.3953	775	1400	3.10392	-1	0.113607	0.116683	0.21	0.134642	
05/07/2019 21:33:25.201599	0.124632	1.3953	775	1400	3.11969	-1	0.07107	0.0700696	0.21	0.14112	
05/07/2019 21:33:26.201349	0.124632	1.3953	775	1400	3.13504	-1	0.0590885	0.066355	0.22	0.1451	
05/07/2019 21:33:27.200818	0.124632	1.3953	775	1400	3.14325	-1	-0.0103066	-0.0125992	0.22	0.151656	
05/07/2019 21:33:28.200622	0.124632	1.3953	775	1400	3.15471	-1	0.0325788	0.0277411	0.23	0.155324	
05/07/2019 21:33:29.200357	0.124632	1.3953	775	1400	3.16311	-1	-0.0212603	-0.0068571	0.23	0.162271	
05/07/2019 21:33:30.199831	0.124632	1.3953	775	1400	3.17111	-1	-0.00293128	-0.0100686	0.24	0.165705	
05/07/2019 21:33:31.199699	0.124632	1.3953	775	1400	3.17809	-1	-0.0240906	-0.0212704	0.24	0.172495	
05/07/2019 21:33:32.199092	0.124632	1.3953	775	1400	3.17809	-1	-0.0240906	-0.0212704	0.25	0.175851	
05/07/2019 21:33:33.198247	0.124632	1.3953	775	1400	3.19244	-1	-0.018127	-0.0378222	0.25	0.183031	
05/07/2019 21:33:34.197891	0.124632	1.3953	775	1400	3.19717	-1	-0.0264885	-0.0441409	0.26	0.186778	
05/07/2019 21:33:35.197883	0.124632	1.3953	775	1400	3.20252	-1	-0.0229256	-0.03748	0.26	0.19349	
05/07/2019 21:33:36.197170	0.124632	1.3953	775	1400	3.20863	-1	-0.0400068	-0.0339254	0.27	0.196924	
05/07/2019 21:33:37.197102	0.124632	1.3953	775	1400	3.21226	-1	-0.0462085	-0.0650947	0.27	0.204104	
05/07/2019 21:33:38.196899	0.124632	1.3953	775	1400	3.21755	-1	-0.0631398	-0.0391092	0.28	0.207226	
05/07/2019 21:33:39.196702	0.124632	1.3953	775	1400	3.21947	-1	-0.0476316	-0.0776127	0.28	0.214563	
05/07/2019 21:33:40.196318	0.124632	1.3953	775	1400	3.2247	-1	-0.0691637	-0.03911	0.29	0.217841	
05/07/2019 21:33:41.196131	0.124632	1.3953	775	1400	3.22534	-1	-0.0685793	-0.0924838	0.29	0.225021	
05/07/2019 21:33:42.195634	0.124632	1.3953	775	1400	3.22858	-1	-0.0682986	-0.0607721	0.3	0.228377	
05/07/2019 21:33:43.194732	0.124632	1.3953	775	1400	3.22976	-1	-0.0798905	-0.0947032	0.3	0.235558	
05/07/2019 21:33:44.194283	0.124632	1.3953	775	1400	3.23201	-1	-0.0765245	-0.0744049	0.31	0.238758	
05/07/2019 21:33:45.193940	0.124632	1.3953	775	1400	3.23343	-1	-0.0805646	-0.0802676	0.31	0.24586	
05/07/2019 21:33:46.193166	0.124632	1.3953	775	1400	3.23547	-1	-0.0777938	-0.0724618	0.32	0.249216	
05/07/2019 21:33:47.192971	0.124632	1.3953	775	1400	3.23766	-1	-0.0831009	-0.0783933	0.32	0.256396	
05/07/2019 21:33:48.192573	0.124632	1.3953	775	1400	3.23878	-1	-0.0831009	-0.113479	0.33	0.259362	
05/07/2019 21:33:49.191926	0.124632	1.3953	775	1400	3.23824	-1	-0.119277	-0.108242	0.33	0.266933	
05/07/2019 21:33:50.191306	0.124632	1.3953	775	1400	3.23899	-1	-0.0823304	-0.0799049	0.34	0.269977	
05/07/2019 21:33:51.190488	0.124632	1.3953	775	1400	3.24021	-1	-0.0745119	-0.0847609	0.34	0.277313	
05/07/2019 21:33:52.189972	0.124632	1.3953	775	1400	3.24225	-1	-0.0967461	-0.116815	0.35	0.280357	
05/07/2019 21:33:53.189965	0.124632	1.3953	775	1400	3.24263	-1	-0.141252	-0.081152	0.35	0.287928	
05/07/2019 21:33:54.189264	0.124632	1.3953	775	1400	3.24439	-1	-0.0651854	-0.0689275	0.36	0.290894	
05/07/2019 21:33:55.188579	0.124632	1.3953	775	1400	3.24395	-1	-0.0742983	-0.0961657	0.36	0.298152	
05/07/2019 21:33:56.188074	0.124632	1.3953	775	1400	3.24659	-1	-0.0799749	-0.0574954	0.37	0.301118	
05/07/2019 21:33:57.187780	0.124632	1.3953	775	1400	3.24667	-1	-0.0676399	-0.0933597	0.37	0.308845	
05/07/2019 21:33:58.187677	0.124632	1.3953	775	1400	3.24618	-1	-0.0879465	-0.0931081	0.38	0.311967	
05/07/2019 21:33:59.187161	0.124632	1.3953	775	1400	3.24618	-1	-0.0830515	-0.0931081	0.38	0.319459	
05/07/2019 21:34:00.186711	0.124632	1.3953	775	1400	3.24821	-1	-0.0771357	-0.0690219	0.39	0.322035	
05/07/2019 21:34:01.186694	0.124632	1.3953	775	1400	3.24821	-1	-0.0731415	-0.0690219	0.39	0.329762	
05/07/2019 21:34:02.186526	0.124632	1.3953	775	1400	3.24867	-1	-0.0677998	-0.0749597	0.4	0.332727	
05/07/2019 21:34:03.186024	0.124632	1.3953	775	1400	3.2493	-1	-0.0763601	-0.0749597	0.4	0.34022	
05/07/2019 21:34:04.185110	0.124632	1.3953	775	1400	3.24914	-1	-0.0898069	-0.0869221	0.41	0.34303	
05/07/2019 21:34:05.185027	0.124632	1.3953	775	1400	3.24904	-1	-0.0880769	-0.0841293	0.41	0.350678	
05/07/2019 21:34:06.184982	0.124632	1.3953	775	1400	3.25026	-1	-0.0880769	-0.0725846	0.42	0.353332	
05/07/2019 21:34:07.184647	0.124632	1.3953	775	1400	3.25103	-1	-0.0757878	-0.0814139	0.42	0.361137	
05/07/2019 21:34:08.184554	0.124632	1.3953	775	1400	3.25036	-1	-0.0832033	-0.0955693	0.43	0.363712	
05/07/2019 21:34:09.184320	0.124632	1.3953	775	1400	3.25095	-1	-0.0801046	-0.0827613	0.43	0.371439	
05/07/2019 21:34:10.183441	0.124632	1.3953	775	1400	3.25023	-1	-0.0801046	-0.078348	0.44	0.374015	
05/07/2019 21:34:11.183282	0.124632	1.3953	775	1400	3.25249	-1	-0.072625	-0.0619692	0.44	0.38221	
05/07/2019 21:34:12.182597	0.124632	1.3953	775	1400	3.25173	-1	-0.0830871	-0.0803834	0.45	0.384551	
05/07/2019 21:34:13.181894	0.124632	1.3953	775	1400	3.25139	-1	-0.0830871	-0.0857628	0.45	0.392668	
05/07/2019 21:34:14.181656	0.124632	1.3953	775	1400	3.25217	-1	-0.0682198	-0.0639928	0.46	0.394854	
05/07/2019 21:34:15.181780	0.124632	1.3953	775	1400	3.25199	-1	-0.0659029	-0.0696924	0.46	0.402658	
05/07/2019 21:34:16.181733	0.124632	1.3953	775	1400	3.25235	-1	-0.0761364	-0.0681584	0.47	0.405312	
05/07/2019 21:34:17.181091	0.124632	1.3953	775	1400	3.25263	-1	-0.0761364	-0.070332	0.47	0.413585	
05/07/2019 21:34:18.180922	0.124632	1.3953	775	1400	3.25072	-1	-0.0673888	-0.0727163	0.48	0.415614	
05/07/2019 21:34:19.180261	0.124632	1.3953	775	1400	3.25072	-1	-0.0631316	-0.0741463	0.48	0.424044	
05/07/2019 21:34:20.179735	0.124632	1.3953	775	1400	3.25153	-1	-0.0648822	-0.0586841	0.49	0.426229	
05/07/2019 21:34:21.179689	0.124632	1.3953	775	1400	3.25172	-1	-0.0627983	-0.0659643	0.49	0.434658	
05/07/2019 21:34:22.179209	0.124632	1.3953	775	1400	3.25172	-1	-0.064537	-0.0659643	0.5	0.436453	
05/07/2019 21:34:23.179088	0.124632	1.3953	775	1400	3.25207	-1	-0.0607207	-0.0572607	0.5	0.444804	
05/07/2019 21:34:24.178874	0.124632	1.3953	775	1400	3.25025	-1	-0.0540053	-0.0762013	0.51	0.447068	
05/07/2019 21:34:25.178058	0.124632	1.3953	775	1400	3.25109	-1	-0.0624311	-0.0538591	0.51	0.455575	
05/07/2019 21:34:26.177107	0.124632	1.3953	775	1400	3.2517	-1	-0.0601135	-0.0570589	0.52	0.457136	
05/07/2019 21:34:27.176402	0.124632	1.3953	775	1400	3.25161	-1	-0.0624806	-0.0612204	0.52	0.465955	
05/07/2019 21:34:28.176095	0.124632	1.3953	775	1400	3.25201	-1	-0.0496524	-0.0547199	0.53	0.467906	
05/07/2019 21:34:29.175945	0.124632	1.3953	775	1400	3.25201	-1	-0.0595409	-0.0547199	0.53	0.476336	
05/07/2019 21:34:30.175836	0.124632	1.3953	775	1400	3.2504	-1	-0.0521391	-0.0712251	0.54	0.478053	
05/07/2019 21:34:31.174874	0.124632	1.3953	775	1400	3.25155	-1	-0.0653742	-0.0595808	0.54	0.486794	
05/07/2019 21:34:32.174711	0.124632	1.3953	775	1400	3.25182	-1	-0.0548344	-0.0517264	0.55	0.488667	
05/07/2019 21:34:33.174710	0.124632	1.3953	775	1400	3.25182	-1	-0.0467175	-0.0517264	0.55	0.497331	
05/07/2019 21:34:34.174262	0.124632	1.3953	775	1400	3.25013	-1	-0.0570886	-0.0654409	0.56	0.498892	
05/07/2019 21:34:35.173385	0.124632	1.3953	775	1400	3.25066	-1	-0.126672	-0.122781	0.56	0.507789	
05/07/2019 21:34:36.173215	0.124632	1.3953	775	1400	3.25066	-1	-0.0556068	-0.122781	0.57	0.50935	
05/07/2019 21:34:37.172298	0.124632	1.3953	775	1400	3.24938	-1	-0.0556068	-0.0484969	0.57	0.518326	
05/07/2019 21:34:38.172116	0.124632	1.3953	775	1400	3.2506	-1	-0.0535631	-0.0458435	0.58	0.51973	
05/07/2019 21:34:39.171136	0.124632	1.3953	775	1400	3.25118	-1	-0.0503404	-0.0486241	0.58	0.528784	
05/07/2019 21:34:40.170807	0.124632	1.3953	775	1400	3.25076	-1	-0.0410935	-0.0502136	0.59	0.530189	
05/07/2019 21:34:41.169953	0.124632	1.3953	775	1400	3.25168	-1	-0.0476033	-0.0411195	0.59	0.539086	
05/07/2019 21:34:42.169091	0.124632	1.3953	775	1400	3.25165	-1	-0.0433515	-0.0456404	0.6	0.540335	
05/07/2019 21:34:43.168650	0.124632	1.3953	775	1400	3.25165	-1	-0.0516798	-0.0542197	0.6	0.549701	
05/07/2019 21:34:44.168623	0.124632	1.3953	775	1400	3.25108	-1	-0.0474682	-0.0445301	0.61	0.551106	
05/07/2019 21:34:45.168471	0.124632	1.3953	775	1400	3.25032	-1	-0.0472424	-0.0520411	0.61	0.560237	
05/07/2019 21:34:46.167670	0.124632	1.3953	775	1400	3.25128	-1	-0.0412644	-0.0379189	0.62	0.56133	
05/07/2019 21:34:47.167044	0.124632	1.3953	775	1400	3.25141	-1	-0.0462423	-0.0413942	0.62	0.570774	
05/07/2019 21:34:48.166334	0.124632	1.3953	775	1400	3.25131	-1	-0.0462423	-0.046621	0.63	0.571788	
05/07/2019 21:34:49.165966	0.124632	1.3953	775	1400	3.25155	-1	-0.122919	-0.110563	0.63	0.580998	
05/07/2019 21:34:50.165812	0.124632	1.3953	775	1400	3.25236	-1	-0.122919	-0.0394872	0.64	0.582013	
05/07/2019 21:34:51.165699	0.124632	1.3953	775	1400	3.25139	-1	-0.0484717	-0.0490928	0.64	0.591613	
05/07/2019 21:34:52.165267	0.124632	1.3953	775	1400	3.2497	-1	-0.0416699	-0.0501492	0.65	0.592705	
05/07/2019 21:34:53.164431	0.124632	1.3953	775	1400	3.25213	-1	-0.0394397	-0.0297409	0.65	0.602149	
05/07/2019 21:34:54.164303	0.124632	1.3953	775	1400	3.2526	-1	-0.0394397	-0.0387593	0.66	0.60293	
05/07/2019 21:34:55.163448	0.124632	1.3953	775	1400	3.2514	-1	-0.0436095	-0.0462154	0.66	0.612529	
05/07/2019 21:34:56.163402	0.124632	1.3953	775	1400	3.25126	-1	-0.0400221	-0.0392135	0.67	0.613388	
05/07/2019 21:34:57.163110	0.124632	1.3953	775	1400	3.25141	-1	-0.0392977	-0.0400318	0.67	0.622988	
05/07/2019 21:34:58.163328	0.124632	1.3953	775	1400	3.25141	-1	-0.0408115	-0.0400318	0.68	0.62369	
05/07/2019 21:34:59.162330	0.124632	1.3953	775	1400	3.25032	-1	-0.0376571	-0.0449825	0.68	0.633758	
05/07/2019 21:35:00.162091	0.124632	1.3953	775	1400	3.24988	-1	-0.0424078	-0.0422425	0.69	0.633758	
05/07/2019 21:35:01.161187	0.124632	1.3953	775	1400	3.25015	-1	-0.0401844	-0.0378773	0.69	0.644061	
05/07/2019 21:35:02.160285	0.124632	1.3953	775	1400	3.25015	-1	-0.0380965	-0.030921	0.7	0.644763	
05/07/2019 21:35:03.159917	0.124632	1.3953	775	1400	3.25214	-1	-0.0438242	-0.0448862	0.7	0.654519	
05/07/2019 21:35:04.159826	0.124632	1.3953	775	1400	3.25228	-1	-0.0408658	-0.0472581	0.71	0.655066	
05/07/2019 21:35:05.159408	0.124632	1.3953	775	1400	3.25218	-1	-0.0554163	-0.0524871	0.71	0.664978	
05/07/2019 21:35:06.159073	0.124632	1.3953	775	1400	3.25218	-1	-0.0456727	-0.0524871	0.72	0.664978	
05/07/2019 21:35:07.158981	0.124632	1.3953	775	1400	3.25087	-1	-0.0377562	-0.0461429	0.72	0.675514	
05/07/2019 21:35:08.158524	0.124632	1.3953	775	1400	3.251	-1	-0.0392384	-0.0383756	0.73	0.675514	
05/07/2019 21:35:09.158533	0.124632	1.3953	775	1400	3.25096	-1	-0.0406348	-0.0402422	0.73	0.685973	
05/07/2019 21:35:10.158002	0.124632	1.3953	775	1400	3.25069	-1	-0.0406348	-0.0437913	0.74	0.686597	
05/07/2019 21:35:11.157294	0.124632	1.3953	775	1400	3.25151	-1	-0.0434559	-0.0369749	0.74	0.696353	
05/07/2019 21:35:12.156772	0.124632	1.3953	775	1400	3.25085	-1	-0.0400023	-0.0431938	0.75	0.696353	
05/07/2019 21:35:13.156741	0.124632	1.3953	775	1400	3.25046	-1	-0.0416872	-0.0474987	0.75	0.706889	
05/07/2019 21:35:14.156121	0.124632	1.3953	775	1400	3.25144	-1	-0.0524706	-0.0366785	0.76	0.706889	
05/07/2019 21:35:15.155401	0.124632	1.3953	775	1400	3.25102	-1	-0.0381202	-0.0444965	0.76	0.71727	
05/07/2019 21:35:16.155358	0.124632	1.3953	775	1400	3.25162	-1	-0.0436542	-0.0955727	0.77	0.71727	
05/07/2019 21:35:17.154408	0.124632	1.3953	775	1400	3.25214	-1	-0.0969525	-0.0394941	0.77	0.727806	
05/07/2019 21:35:18.153757	0.124632	1.3953	775	1400	3.2509	-1	-0.0440423	-0.13347	0.78	0.727806	
05/07/2019 21:35:19.153625	0.124632	1.3953	775	1400	3.24988	-1	-0.119152	-0.0506453	0.78	0.738187	
05/07/2019 21:35:20.153632	0.124632	1.3953	775	1400	3.25113	-1	-0.0441728	-0.0384651	0.79	0.738187	
05/07/2019 21:35:21.152653	0.124632	1.3953	775	1400	3.25113	-1	-0.0433064	-0.0587985	0.79	0.748567	
05/07/2019 21:35:22.151806	0.124632	1.3953	775	1400	3.24978	-1	-0.0490506	-0.0587985	0.8	0.748567	
05/07/2019 21:35:23.151607	0.124632	1.3953	775	1400	3.25121	-1	-0.044978	-0.0371292	0.8	0.759338	
05/07/2019 21:35:24.151402	0.124632	1.3953	775	1400	3.2525	-1	-0.043699	-0.0380612	0.81	0.759338	
05/07/2019 21:35:25.151579	0.124632	1.3953	775	1400	3.25137	-1	-0.0452202	-0.0501114	0.81	0.769718	
05/07/2019 21:35:26.151133	0.124632	1.3953	775	1400	3.2507	-1	-0.0415021	-0.0486908	0.82	0.769718	
05/07/2019 21:35:27.150925	0.124632	1.3953	775	1400	3.25079	-1	-0.0505295	-0.0485093	0.82	0.780255	
05/07/2019 21:35:28.150900	0.124632	1.3953	775	1400	3.2515	-1	-0.129368	-0.120213	0.83	0.780255	
05/07/2019 21:35:29.150858	0.124632	1.3953	775	1400	3.25131	-1	-0.0505853	-0.0535082	0.83	0.790557	
05/07/2019 21:35:30.150050	0.124632	1.3953	775	1400	3.2515	-1	-0.0444986	-0.0459976	0.84	0.790557	
05/07/2019 21:35:31.149852	0.124632	1.3953	775	1400	3.25174	-1	-0.0501821	-0.0504215	0.84	0.800937	
05/07/2019 21:35:32.149704	0.124632	1.3953	775	1400	3.2522	-1	-0.0554076	-0.0473152	0.85	0.800937	
05/07/2019 21:35:33.148711	0.124632	1.3953	775	1400	3.25379	-1	-0.052092	-0.0436556	0.85	0.811708	
05/07/2019 21:35:34.147815	0.124632	1.3953	775	1400	3.25406	-1	-0.052092	-0.0562776	0.86	0.811708	
05/07/2019 21:35:35.147185	0.124632	1.3953	775	1400	3.25422	-1	-0.0509894	-0.0522391	0.86	0.821854	
05/07/2019 21:35:36.146954	0.124632	1.3953	775	1400	3.25491	-1	-0.0524414	-0.0565256	0.87	0.821854	
05/07/2019 21:35:37.146888	0.124632	1.3953	775	1400	3.25471	-1	-0.0524414	-0.0554537	0.87	0.832547	
05/07/2019 21:35:38.146075	0.124632	1.3953	775	1400	3.25617	-1	-0.0534465	-0.0475175	0.88	0.832547	
05/07/2019 21:35:39.145327	0.124632	1.3953	775	1400	3.25634	-1	-0.0523298	-0.0531174	0.88	0.843161	
05/07/2019 21:35:40.145206	0.124632	1.3953	775	1400	3.25712	-1	-0.0523298	-0.0497356	0.89	0.843161	
05/07/2019 21:35:41.144822	0.124632	1.3953	775	1400	3.25596	-1	-0.0523298	-0.0497356	0.89	0.85362	
05/07/2019 21:35:42.144353	0.124632	1.3953	775	1400	3.25708	-1	-0.513228	-0.516781	0.9	0.85362	
05/07/2019 21:35:43.144237	0.124632	1.3953	775	1400	3.25719	-1	0.00438253	-0.516781	0.9	0.864	
05/07/2019 21:35:44.144216	0.124632	1.3953	775	1400	3.2564	-1	0.00438253	-0.00561041	0.91	0.864	
05/07/2019 21:35:45.144020	0.124632	1.3953	775	1400	3.25718	-1	0.00438253	-0.00561041	0.91	0.874459	
05/07/2019 21:35:46.143888	0.124632	1.3953	775	1400	3.25731	-1	-0.0136847	-0.0102264	0.92	0.874459	
05/07/2019 21:35:47.143765	0.124632	1.3953	775	1400	3.2562	-1	0.0114478	-0.0102264	0.92	0.884917	
05/07/2019 21:35:48.143327	0.124632	1.3953	775	1400	3.25853	-1	0.0114478	0.0251293	0.93	0.884917	
05/07/2019 21:35:49.142821	0.124632	1.3953	775	1400	3.25853	-1	0.0139446	0.0251293	0.93	0.895375	
05/07/2019 21:35:50.142001	0.124632	1.3953	775	1400	3.25953	-1	0.0139446	0.00646013	0.94	0.895375	
05/07/2019 21:35:51.141476	0.124632	1.3953	775	1400	3.25896	-1	0.0168518	0.00646013	0.94	0.905756	
05/07/2019 21:35:52.141369	0.124632	1.3953	775	1400	3.26011	-1	0.0168518	0.0117162	0.95	0.905756	
05/07/2019 21:35:53.141204	0.124632	1.3953	775	1400	3.26067	-1	0.0168518	0.0117162	0.95	0.916136	
05/07/2019 21:35:54.140555	0.124632	1.3953	775	1400	3.26151	-1	0.011381	0.0019486	0.96	0.916136	
05/07/2019 21:35:55.140130	0.124632	1.3953	775	1400	3.26325	-1	0.0142688	0.018152	0.96	0.926907	
05/07/2019 21:35:56.139232	0.124632	1.3953	775	1400	3.26325	-1	0.0142688	0.018152	0.97	0.926907	
05/07/2019 21:35:57.138575	0.124632	1.3953	775	1400	3.26361	-1	0.0142688	0.018152	0.97	0.936975	
05/07/2019 21:35:58.138565	0.124632	1.3953	775	1400	3.26526	-1	0.00578778	0.0102583	0.98	0.936975	
05/07/2019 21:35:59.137651	0.124632	1.3953	775	1400	3.26885	-1	0.00578778	0.0287768	0.98	0.947824	
05/07/2019 21:36:00.136831	0.124632	1.3953	775	1400	3.26885	-1	0.0172691	0.0287768	0.99	0.947824	
05/07/2019 21:36:01.136099	0.124632	1.3953	775	1400	3.26919	-1	0.0156623	0.0287768	0.99	0.95797	
05/07/2019 21:36:02.135848	0.124632	1.3953	775	1400	3.27213	-1	0.0156623	0.0173541	1	0.95797	
05/07/2019 21:36:03.135497	0.124632	1.3953	775	1400	3.27501	-1	0.0156335	0.0211986	1	0.968662	
05/07/2019 21:36:04.134961	0.124632	1.3953	775	1400	3.27501	-1	0.0156335	0.0211986	1.01	0.968662	
05/07/2019 21:36:05.134914	0.124632	1.3953	775	1400	3.27808	-1	0.0168736	0.045482	1.01	0.979199	
05/07/2019 21:36:06.134907	0.124632	1.3953	775	1400	3.27683	-1	0.0168736	0.045482	1.02	0.979199	
05/07/2019 21:36:07.134026	0.124632	1.3953	775	1400	3.27683	-1	0.0457452	0.0597813	1.02	0.989501	
05/07/2019 21:36:08.133976	0.124632	1.3953	775	1400	3.28209	-1	0.0457452	0.0597813	1.03	0.989501	
05/07/2019 21:36:09.133786	0.124632	1.3953	775	1400	3.28176	-1	0.0333376	0.0597813	1.03	0.999491	
05/07/2019 21:36:10.133202	0.124632	1.3953	775	1400	3.28489	-1	0.0333376	0.0371138	1.04	0.999491	
05/07/2019 21:36:11.133067	0.124632	1.3953	775	1400	3.28887	-1	0.0333376	0.08405	1.04	1.01026	
05/07/2019 21:36:12.132186	0.124632	1.3953	775	1400	3.28872	-1	0.0579808	0.08405	1.05	1.01026	
05/07/2019 21:36:13.131315	0.124632	1.3953	775	1400	3.29388	-1	0.0579808	0.0492062	1.05	1.02064	
05/07/2019 21:36:14.130929	0.124632	1.3953	775	1400	3.29401	-1	0.0475062	0.0492062	1.06	1.02064	
05/07/2019 21:36:15.129940	0.124632	1.3953	775	1400	3.29611	-1	0.0475062	0.0193696	1.06	1.0311	
05/07/2019 21:36:16.129035	0.124632	1.3953	775	1400	3.29471	-1	0.0215141	0.0193696	1.07	1.0311	
05/07/2019 21:36:17.128853	0.124632	1.3953	775	1400	3.29887	-1	0.0215141	0.0586351	1.07	1.04218	
05/07/2019 21:36:18.128557	0.124632	1.3953	775	1400	3.29837	-1	0.0553594	0.0586351	1.08	1.04218	
05/07/2019 21:36:19.127726	0.124632	1.3953	775	1400	3.30182	-1	0.0553594	0.0409625	1.08	1.0521	
05/07/2019 21:36:20.127486	0.124632	1.3953	775	1400	3.30278	-1	0.0437549	0.0409625	1.09	1.0521	
05/07/2019 21:36:21.127326	0.124632	1.3953	775	1400	3.30663	-1	0.0437549	0.0342864	1.09	1.06294	
05/07/2019 21:36:22.126423	0.124632	1.3953	775	1400	3.30516	-1	0.0298577	0.0342864	1.1	1.06294	
05/07/2019 21:36:23.126098	0.124632	1.3953	775	1400	3.31054	-1	0.0298577	0.0802424	1.1	1.0734	
05/07/2019 21:36:24.125621	0.124632	1.3953	775	1400	3.31054	-1	0.0494315	0.0802424	1.11	1.0734	
05/07/2019 21:36:25.125225	0.124632	1.3953	775	1400	3.30929	-1	0.0494315	0.0802424	1.11	1.08386	
05/07/2019 21:36:26.124629	0.124632	1.3953	775	1400	3.31523	-1	0.0653471	0.0768256	1.12	1.08386	
05/07/2019 21:36:27.124368	0.124632	1.3953	775	1400	3.31534	-1	0.0653471	0.0768256	1.12	1.09448	
05/07/2019 21:36:28.123514	0.124632	1.3953	775	1400	3.31832	-1	0.0299303	0.0343561	1.13	1.09448	
05/07/2019 21:36:29.122743	0.124632	1.3953	775	1400	3.31822	-1	0.0299303	0.0343561	1.13	1.10486	
05/07/2019 21:36:30.122441	0.124632	1.3953	775	1400	3.32164	-1	0.0362877	0.038917	1.14	1.10486	
05/07/2019 21:36:31.121950	0.124632	1.3953	775	1400	3.32187	-1	0.0362877	0.038917	1.14	1.11492	
05/07/2019 21:36:32.121270	0.124632	1.3953	775	1400	3.32489	-1	0.0348203	0.0301299	1.15	1.11492	
05/07/2019 21:36:33.120341	0.124632	1.3953	775	1400	3.32397	-1	0.0348203	0.0301299	1.15	1.12577	
05/07/2019 21:36:34.119482	0.124632	1.3953	775	1400	3.32713	-1	0.0340745	0.0495811	1.16	1.12577	
05/07/2019 21:36:35.119478	0.124632	1.3953	775	1400	3.32777	-1	0.0340745	0.0495811	1.16	1.13576	
05/07/2019 21:36:36.118557	0.124632	1.3953	775	1400	3.33055	-1	0.0496073	0.0255742	1.17	1.13576	
05/07/2019 21:36:37.117964	0.124632	1.3953	775	1400	3.33	-1	0.0496073	0.0255742	1.17	1.14583	
05/07/2019 21:36:38.117527	0.124632	1.3953	775	1400	3.33314	-1	0.0344611	0.0639496	1.18	1.14669	
05/07/2019 21:36:39.117732	0.124632	1.3953	775	1400	3.33269	-1	0.0344611	0.0639496	1.18	1.15645	
05/07/2019 21:36:40.117586	0.124632	1.3953	775	1400	3.33537	-1	0.0502865	0.0350551	1.19	1.15715	
05/07/2019 21:36:41.116670	0.124632	1.3953	775	1400	3.33542	-1	0.0502865	0.0350551	1.19	1.16683	
05/07/2019 21:36:42.115874	0.124632	1.3953	775	1400	3.34141	-1	0.0553672	0.0615846	1.2	1.16761	
05/07/2019 21:36:43.115334	0.124632	1.3953	775	1400	3.34229	-1	0.0553672	0.0615846	1.2	1.17728	
05/07/2019 21:36:44.114517	0.124632	1.3953	775	1400	3.34696	-1	0.0751446	0.0616074	1.21	1.17814	
05/07/2019 21:36:45.114348	0.124632	1.3953	775	1400	3.34701	-1	0.0751446	0.0616074	1.21	1.18782	
05/07/2019 21:36:46.113936	0.124632	1.3953	775	1400	3.3552	-1	0.0850945	0.0814464	1.22	1.18868	
05/07/2019 21:36:47.113195	0.124632	1.3953	775	1400	3.35473	-1	0.0850945	0.0814464	1.22	1.19812	
05/07/2019 21:36:48.112931	0.124632	1.3953	775	1400	3.36654	-1	0.111941	0.120915	1.23	1.19914	
05/07/2019 21:36:49.112058	0.124632	1.3953	775	1400	3.36677	-1	0.111941	0.120915	1.23	1.2085	
05/07/2019 21:36:50.112266	0.124632	1.3953	775	1400	3.38246	-1	0.158648	0.154787	1.24	1.20975	
05/07/2019 21:36:51.111719	0.124632	1.3953	775	1400	3.38089	-1	0.158648	0.154787	1.24	1.21881	
05/07/2019 21:36:52.111309	0.124632	1.3953	775	1400	3.39903	-1	0.189638	0.190214	1.25	1.22029	
05/07/2019 21:36:53.111096	0.124632	1.3953	775	1400	3.40049	-1	0.189638	0.190214	1.25	1.22958	
05/07/2019 21:36:54.110762	0.124632	1.3953	775	1400	3.42279	-1	0.221717	0.207259	1.26	1.23051	
05/07/2019 21:36:55.110623	0.124632	1.3953	775	1400	3.42281	-1	0.221717	0.207259	1.26	1.23972	
05/07/2019 21:36:56.110457	0.124632	1.3953	775	1400	3.45017	-1	0.282232	0.266841	1.27	1.24105	
05/07/2019 21:36:57.110656	0.124632	1.3953	775	1400	3.45018	-1	0.282232	0.266841	1.27	1.25018	
05/07/2019 21:36:58.109754	0.124632	1.3953	775	1400	3.48133	-1	0.302573	0.314773	1.28	1.25159	
05/07/2019 21:36:59.109126	0.124632	1.3953	775	1400	3.48105	-1	0.302573	0.314773	1.28	1.26017	
05/07/2019 21:37:00.108968	0.124632	1.3953	775	1400	3.5176	-1	0.372344	0.394952	1.29	1.26204	
05/07/2019 21:37:01.108854	0.124632	1.3953	775	1400	3.5175	-1	0.384571	0.394952	1.29	1.2711	
05/07/2019 21:37:02.108696	0.124632	1.3953	775	1400	3.55464	-1	0.384571	0.411827	1.3	1.27235	
05/07/2019 21:37:03.107709	0.124632	1.3953	775	1400	3.55481	-1	0.384571	0.411827	1.3	1.28124	
05/07/2019 21:37:04.106910	0.124632	1.3953	775	1400	3.59934	-1	0.484805	0.488546	1.31	1.28288	
05/07/2019 21:37:05.106402	0.124632	1.3953	775	1400	3.59945	-1	0.484805	0.488546	1.31	1.29209	
05/07/2019 21:37:06.106191	0.124632	1.3953	775	1400	3.64823	-1	0.505152	0.521609	1.32	1.29342	
05/07/2019 21:37:07.106034	0.124632	1.3953	775	1400	3.64808	-1	0.505152	0.521609	1.32	1.30208	
05/07/2019 21:37:08.105338	0.124632	1.3953	775	1400	3.70155	55.8391	0.559959	0.558391	1.33	1.30388	
05/07/2019 21:37:09.104864	0.124632	1.3953	775	1400	3.70149	55.8391	0.559959	0.558391	1.33	1.31293	
05/07/2019 21:37:10.104660	0.124632	1.3953	775	1400	3.76537	58.44	0.596078	0.5844	1.34	1.31434	
05/07/2019 21:37:11.104493	0.124632	1.3953	775	1400	3.76504	58.44	0.664352	0.5844	1.34	1.32331	
05/07/2019 21:37:12.104511	0.124632	1.3953	775	1400	3.84143	66.4352	0.664352	0.677341	1.35	1.32464	
05/07/2019 21:37:13.104001	0.124632	1.3953	775	1400	3.84178	66.4352	0.664352	0.677341	1.35	1.33401	
05/07/2019 21:37:14.103034	0.124632	1.3953	775	1400	3.9174	63.4951	0.640053	0.634951	1.36	1.3351	
05/07/2019 21:37:15.102689	0.124632	1.3953	775	1400	3.91798	63.4951	0.723251	0.634951	1.36	1.34415	
05/07/2019 21:37:16.102742	0.124632	1.3953	775	1400	3.99931	72.3242	0.723251	0.723242	1.37	1.34563	
05/07/2019 21:37:17.102556	0.124632	1.3953	775	1400	3.99889	72.3242	0.723251	0.723242	1.37	1.35492	
05/07/2019 21:37:18.102437	0.124632	1.3953	775	1400	4.08424	72.7885	0.737609	0.727885	1.38	1.35617	
05/07/2019 21:37:19.101885	0.124632	1.3953	775	1400	4.08424	72.7885	0.737609	0.727885	1.38	1.36476	
05/07/2019 21:37:20.100905	0.124632	1.3953	775	1400	4.16586	77.8894	0.778894	0.785647	1.39	1.36655	
05/07/2019 21:37:21.100620	0.124632	1.3953	775	1400	4.25917	76.1631	0.778894	0.761631	1.39	1.37576	
05/07/2019 21:37:22.100052	0.124632	1.3953	775	1400	4.2601	76.1631	0.776928	0.761631	1.4	1.37709	
05/07/2019 21:37:23.099435	0.124632	1.3953	775	1400	4.2601	76.1631	0.776928	0.761631	1.4	1.38583	
05/07/2019 21:37:24.099255	0.124632	1.3953	775	1400	4.35122	73.417	0.737118	0.73417	1.41	1.3877	
05/07/2019 21:37:25.099140	0.124632	1.3953	775	1400	4.45377	79.3336	0.796929	0.793336	1.41	1.3966	
05/07/2019 21:37:26.098539	0.124632	1.3953	775	1400	4.45407	79.3336	0.796929	0.793336	1.42	1.39824	
05/07/2019 21:37:27.098665	0.124632	1.3953	775	1400	4.45407	79.3336	0.825851	0.793336	1.42	1.40659	
05/07/2019 21:37:28.098189	0.124632	1.3953	775	1400	4.5668	81.1608	0.825851	0.811608	1.43	1.40854	
05/07/2019 21:37:29.097413	0.124632	1.3953	775	1400	4.68194	79.575	0.79575	0.796041	1.43	1.4172	
05/07/2019 21:37:30.096758	0.124632	1.3953	775	1400	4.68268	79.575	0.79575	0.796041	1.44	1.41892	
05/07/2019 21:37:31.095976	0.124632	1.3953	775	1400	4.68268	79.6041	0.804844	0.796041	1.44	1.42766	
05/07/2019 21:37:32.095884	0.124632	1.3953	775	1400	4.7936	80.3274	0.804844	0.803274	1.45	1.42938	
05/07/2019 21:37:33.095798	0.124632	1.3953	775	1400	4.79291	80.3274	0.804844	0.803274	1.45	1.43828	
05/07/2019 21:37:34.095170	0.124632	1.3953	775	1400	4.92748	82.3045	0.823045	0.83298	1.46	1.43984	
05/07/2019 21:37:35.094673	0.124632	1.3953	775	1400	4.92714	82.3045	0.823045	0.83298	1.46	1.4485	
05/07/2019 21:37:36.094325	0.124632	1.3953	775	1400	5.05433	83.299	0.844622	0.83299	1.47	1.45037	
05/07/2019 21:37:37.094201	0.124632	1.3953	775	1400	5.18304	80.2414	0.844622	0.802414	1.47	1.4588	
05/07/2019 21:37:38.093369	0.124632	1.3953	775	1400	5.18286	80.2414	0.824583	0.802414	1.48	1.46091	
05/07/2019 21:37:39.093025	0.124632	1.3953	775	1400	5.30561	82.4583	0.824583	0.86746	1.48	1.46926	
05/07/2019 21:37:40.092916	0.124632	1.3953	775	1400	5.30649	85.9972	0.859972	0.86746	1.49	1.47121	
05/07/2019 21:37:41.092816	0.124632	1.3953	775	1400	5.36276	82.8395	0.859972	0.828395	1.49	1.47972	
05/07/2019 21:37:42.092197	0.124632	1.3953	775	1400	5.36425	82.8395	0.868558	0.828395	1.5	1.48167	
05/07/2019 21:37:43.092095	0.124632	1.3953	775	1400	5.50196	85.9512	0.868558	0.859512	1.5	1.4901	
05/07/2019 21:37:44.092073	0.124632	1.3953	775	1400	5.50196	85.9512	0.877252	0.859512	1.51	1.49236	
05/07/2019 21:37:45.091600	0.124632	1.3953	775	1400	5.64082	85.1236	0.877252	0.851236	1.51	1.50033	
05/07/2019 21:37:46.091253	0.124632	1.3953	775	1400	5.63971	84.706	0.84706	0.851236	1.52	1.50306	
05/07/2019 21:37:47.091249	0.124632	1.3953	775	1400	5.63971	84.706	0.84706	0.851236	1.52	1.5111	
05/07/2019 21:37:48.091205	0.124632	1.3953	775	1400	5.81339	85.8496	0.858496	0.865124	1.53	1.5132	
05/07/2019 21:37:49.090943	0.124632	1.3953	775	1400	5.81248	85.8496	0.858496	0.865124	1.53	1.52148	
05/07/2019 21:37:50.090894	0.124632	1.3953	775	1400	5.94983	85.9321	0.867991	0.859321	1.54	1.52374	
05/07/2019 21:37:51.090225	0.124632	1.3953	775	1400	5.94956	85.9321	0.867991	0.859321	1.54	1.53209	
05/07/2019 21:37:52.089660	0.124632	1.3953	775	1400	6.12404	88.0348	0.880738	0.880348	1.55	1.5342	
05/07/2019 21:37:53.089537	0.124632	1.3953	775	1400	6.12365	88.0348	0.880738	0.880348	1.55	1.54208	
05/07/2019 21:37:54.089512	0.124632	1.3953	775	1400	6.30911	90.1261	0.901999	0.901261	1.56	1.54473	
05/07/2019 21:37:55.088845	0.124632	1.3953	775	1400	6.30964	90.1261	0.901999	0.901261	1.56	1.55285	
05/07/2019 21:37:56.089014	0.124632	1.3953	775	1400	6.49866	88.2445	0.897575	0.882445	1.57	1.55512	
05/07/2019 21:37:57.088113	0.124632	1.3953	775	1400	6.49867	88.2445	0.897575	0.882445	1.57	1.56292	
05/07/2019 21:37:58.087172	0.124632	1.3953	775	1400	6.57287	87.612	0.87612	0.889559	1.58	1.56573	
05/07/2019 21:37:59.086574	0.124632	1.3953	775	1400	6.57378	87.612	0.87612	0.889559	1.58	1.57385	
05/07/2019 21:38:00.086591	0.124632	1.3953	775	1400	6.78225	91.1521	0.919695	0.911521	1.59	1.57588	
05/07/2019 21:38:01.086045	0.124632	1.3953	775	1400	6.78237	91.1521	0.919695	0.911521	1.59	1.58368	
05/07/2019 21:38:02.085107	0.124632	1.3953	775	1400	6.86798	92.8299	0.940947	0.928299	1.6	1.58649	
05/07/2019 21:38:03.084978	0.124632	1.3953	775	1400	6.86716	92.8299	0.940947	0.928299	1.6	1.59461	
05/07/2019 21:38:04.084384	0.124632	1.3953	775	1400	7.0684	90.9912	0.909912	0.916456	1.61	1.59703	
05/07/2019 21:38:05.083775	0.124632	1.3953	775	1400	7.06846	90.9912	0.909912	0.916456	1.61	1.6046	
05/07/2019 21:38:06.083173	0.124632	1.3953	775	1400	7.2892	92.9409	0.929409	0.929607	1.62	1.60741	
05/07/2019 21:38:07.082290	0.124632	1.3953	775	1400	7.28926	92.9409	0.929409	0.929607	1.62	1.61537	
05/07/2019 21:38:08.082261	0.124632	1.3953	775	1400	7.52175	94.3564	0.943564	0.955132	1.63	1.61794	
05/07/2019 21:38:09.081395	0.124632	1.3953	775	1400	7.52241	94.3564	0.943564	0.955132	1.63	1.62536	
05/07/2019 21:38:10.081217	0.124632	1.3953	775	1400	7.75269	94.1	0.952487	0.941	1.64	1.62832	
05/07/2019 21:38:11.081356	0.124632	1.3953	775	1400	7.75245	94.1	0.952487	0.941	1.64	1.63644	
05/07/2019 21:38:12.081008	0.124632	1.3953	775	1400	7.98068	94.4428	0.946458	0.944428	1.65	1.63886	
05/07/2019 21:38:13.080955	0.124632	1.3953	775	1400	7.98129	94.4428	0.946458	0.944428	1.65	1.64643	
05/07/2019 21:38:14.080702	0.124632	1.3953	775	1400	8.21276	95.3849	0.964188	0.953849	1.66	1.64916	
05/07/2019 21:38:15.080536	0.124632	1.3953	775	1400	8.21229	95.3849	0.964188	0.953849	1.66	1.65736	
05/07/2019 21:38:16.079735	0.124632	1.3953	775	1400	8.45468	95.2827	0.952827	0.961165	1.67	1.66001	
05/07/2019 21:38:17.079407	0.124632	1.3953	775	1400	8.45463	95.2827	0.952827	0.961165	1.67	1.66758	
05/07/2019 21:38:18.078432	0.124632	1.3953	775	1400	8.6803	96.2279	0.967445	0.962279	1.68	1.67031	
05/07/2019 21:38:19.077700	0.124632	1.3953	775	1400	8.67936	96.2279	0.967445	0.962279	1.68	1.67835	
05/07/2019 21:38:20.077776	0.124632	1.3953	775	1400	8.91384	95.864	0.95864	0.961728	1.69	1.68069	
05/07/2019 21:38:21.076860	0.124632	1.3953	775	1400	8.91453	95.864	0.95864	0.961728	1.69	1.68834	
05/07/2019 21:38:22.076697	0.124632	1.3953	775	1400	9.14633	95.3029	0.961192	0.953029	1.7	1.69139	
05/07/2019 21:38:23.076505	0.124632	1.3953	775	1400	9.14638	95.3029	0.961192	0.953029	1.7	1.69911	
05/07/2019 21:38:24.075626	0.124632	1.3953	775	1400	9.38663	95.9176	0.959176	0.965034	1.71	1.70185	
05/07/2019 21:38:25.075532	0.124632	1.3953	775	1400	9.38725	95.9176	0.959176	0.965034	1.71	1.70918	
05/07/2019 21:38:26.074621	0.124632	1.3953	775	1400	9.62053	95.8851	0.96539	0.958851	1.71	1.7123	
05/07/2019 21:38:27.074597	0.124632	1.3953	775	1400	9.61998	95.8851	0.96539	0.958851	1.72	1.71964	
05/07/2019 21:38:28.074503	0.124632	1.3953	775	1400	9.85408	94.6226	0.946226	0.947315	1.72	1.72276	
05/07/2019 21:38:29.073862	0.124632	1.3953	775	1400	9.85324	94.6226	0.946226	0.947315	1.73	1.72994	
05/07/2019 21:38:30.073245	0.124632	1.3953	775	1400	10.0966	95.1167	0.951167	0.966079	1.73	1.7333	
05/07/2019 21:38:31.073230	0.124632	1.3953	775	1400	10.0961	95.1167	0.951167	0.966079	1.74	1.7404	
05/07/2019 21:38:32.073194	0.124632	1.3953	775	1400	10.3323	96.7892	0.975835	0.967892	1.74	1.74368	
05/07/2019 21:38:33.072252	0.124632	1.3953	775	1400	10.3328	96.7892	0.975835	0.967892	1.75	1.75109	
05/07/2019 21:38:34.071416	0.124632	1.3953	775	1400	10.5694	96.3066	0.973002	0.963066	1.75	1.75406	
05/07/2019 21:38:35.071051	0.124632	1.3953	775	1400	10.5694	96.3066	0.973002	0.963066	1.76	1.76155	
05/07/2019 21:38:36.070982	0.124632	1.3953	775	1400	10.8022	96.5216	0.965216	0.967998	1.76	1.76467	
05/07/2019 21:38:37.070658	0.124632	1.3953	775	1400	10.7999	96.5216	0.965216	0.967998	1.77	1.77185	
05/07/2019 21:38:38.070403	0.124632	1.3953	775	1400	11.0462	95.4837	0.954837	0.971081	1.77	1.77537	
05/07/2019 21:38:39.069882	0.124632	1.3953	775	1400	11.0477	95.4837	0.974153	0.971081	1.78	1.782	
05/07/2019 21:38:40.069630	0.124632	1.3953	775	1400	11.2797	95.7607	0.974153	0.957607	1.78	1.78551	
05/07/2019 21:38:41.068915	0.124632	1.3953	775	1400	11.2793	95.7607	0.974153	0.957607	1.79	1.79269	
05/07/2019 21:38:42.068215	0.124632	1.3953	775	1400	11.5065	96.0719	0.968027	0.960719	1.79	1.79621	
05/07/2019 21:38:43.067821	0.124632	1.3953	775	1400	11.506	96.0719	0.968027	0.960719	1.8	1.803	
05/07/2019 21:38:44.067718	0.124632	1.3953	775	1400	11.7267	96.474	0.96474	0.968929	1.8	1.80674	
05/07/2019 21:38:45.067473	0.124632	1.3953	775	1400	11.9406	96.474	0.96474	0.968506	1.81	1.81361	
05/07/2019 21:38:46.067282	0.124632	1.3953	775	1400	11.9406	96.5493	0.965493	0.968506	1.81	1.81712	
05/07/2019 21:38:47.066294	0.124632	1.3953	775	1400	11.942	96.5493	0.965493	0.968506	1.82	1.82337	
05/07/2019 21:38:48.065862	0.124632	1.3953	775	1400	12.1544	93.957	0.968785	0.93957	1.82	1.8275	
05/07/2019 21:38:49.065220	0.124632	1.3953	775	1400	12.1544	93.957	0.968785	0.93957	1.83	1.83421	
05/07/2019 21:38:50.064893	0.124632	1.3953	775	1400	12.3518	95.8734	0.968943	0.958734	1.83	1.83804	
05/07/2019 21:38:51.064897	0.124632	1.3953	775	1400	12.3515	95.8734	0.957505	0.958734	1.84	1.84436	
05/07/2019 21:38:52.064727	0.124632	1.3953	775	1400	12.5394	95.356	0.957505	0.95356	1.84	1.84826	
05/07/2019 21:38:53.064650	0.124632	1.3953	775	1400	12.5404	93.4966	0.934966	0.95356	1.85	1.85513	
05/07/2019 21:38:54.063811	0.124632	1.3953	775	1400	12.7352	91.9665	0.934966	0.919665	1.85	1.85888	
05/07/2019 21:38:55.063301	0.124632	1.3953	775	1400	12.7343	91.9665	0.934966	0.919665	1.86	1.86504	
05/07/2019 21:38:56.063423	0.124632	1.3953	775	1400	12.9081	93.1043	0.939261	0.931043	1.86	1.86926	
05/07/2019 21:38:57.063128	0.124632	1.3953	775	1400	12.9081	93.1043	0.939261	0.931043	1.87	1.87597	
05/07/2019 21:38:58.062835	0.124632	1.3953	775	1400	13.0739	91.8665	0.919381	0.918665	1.87	1.87972	
05/07/2019 21:38:59.062048	0.124632	1.3953	775	1400	13.0734	91.8665	0.919381	0.918665	1.88	1.88612	
05/07/2019 21:39:00.062305	0.124632	1.3953	775	1400	13.2118	89.1757	0.891757	0.905596	1.88	1.89033	
05/07/2019 21:39:01.061632	0.124632	1.3953	775	1400	13.3585	89.1757	0.891757	0.911158	1.89	1.89697	
05/07/2019 21:39:02.061575	0.124632	1.3953	775	1400	13.3586	88.068	0.88068	0.911158	1.89	1.90056	
05/07/2019 21:39:03.060800	0.124632	1.3953	775	1400	13.5034	88.068	0.88068	0.901806	1.9	1.90696	
05/07/2019 21:39:04.060682	0.124632	1.3953	775	1400	13.5039	89.2196	0.892196	0.901806	1.9	1.91125	
05/07/2019 21:39:05.060587	0.124632	1.3953	775	1400	13.5039	89.2196	0.892196	0.901806	1.91	1.9178	
05/07/2019 21:39:06.060438	0.124632	1.3953	775	1400	13.6379	86.1768	0.870201	0.861768	1.91	1.92194	
05/07/2019 21:39:07.059557	0.124632	1.3953	775	1400	13.7546	86.1768	0.870201	0.846216	1.92	1.92787	
05/07/2019 21:39:08.058901	0.124632	1.3953	775	1400	13.7546	84.6216	0.848904	0.846216	1.92	1.93201	
05/07/2019 21:39:09.058885	0.124632	1.3953	775	1400	13.755	84.6216	0.848904	0.846216	1.93	1.93849	
05/07/2019 21:39:10.058388	0.124632	1.3953	775	1400	13.882	84.134	0.841634	0.84134	1.93	1.94262	
05/07/2019 21:39:11.058305	0.124632	1.3953	775	1400	13.8814	84.134	0.841634	0.84134	1.94	1.94871	
05/07/2019 21:39:12.057451	0.124632	1.3953	775	1400	13.9898	84.698	0.84698	0.850488	1.94	1.95308	
05/07/2019 21:39:13.056708	0.124632	1.3953	775	1400	13.9897	84.698	0.84698	0.850488	1.95	1.95948	
05/07/2019 21:39:14.056702	0.124632	1.3953	775	1400	14.108	84.6998	0.846998	0.853877	1.95	1.96354	
05/07/2019 21:39:15.056688	0.124632	1.3953	775	1400	14.1073	84.6998	0.846998	0.853877	1.96	1.96963	
05/07/2019 21:39:16.055879	0.124632	1.3953	775	1400	14.2156	85.9346	0.862814	0.859346	1.96	1.974	
05/07/2019 21:39:17.055689	0.124632	1.3953	775	1400	14.216	85.9346	0.862814	0.859346	1.97	1.98032	
05/07/2019 21:39:18.055645	0.124632	1.3953	775	1400	14.3203	81.9179	0.830584	0.819179	1.97	1.98438	
05/07/2019 21:39:19.054698	0.124632	1.3953	775	1400	14.3203	81.9179	0.830584	0.819179	1.98	1.99047	
05/07/2019 21:39:20.053860	0.124632	1.3953	775	1400	14.4206	81.9509	0.820718	0.819509	1.98	1.99484	
05/07/2019 21:39:21.053766	0.124632	1.3953	775	1400	14.4208	81.9509	0.820718	0.819509	1.99	2.00132	
05/07/2019 21:39:22.053656	0.124632	1.3953	775	1400	14.5264	78.878	0.78878	0.796237	1.99	2.00561	
05/07/2019 21:39:23.053253	0.124632	1.3953	775	1400	14.5255	78.878	0.78878	0.796237	2	2.01131	
05/07/2019 21:39:24.053085	0.124632	1.3953	775	1400	14.6253	75.2952	0.759177	0.752952	2	2.0156	
05/07/2019 21:39:25.052935	0.124632	1.3953	775	1400	14.6248	75.2952	0.759177	0.752952	2.01	2.02208	
05/07/2019 21:39:26.052772	0.124632	1.3953	775	1400	14.7244	77.5952	0.775952	0.803556	2.01	2.0266	
05/07/2019 21:39:27.052594	0.124632	1.3953	775	1400	14.7235	77.5952	0.775952	0.803556	2.02	2.03214	
05/07/2019 21:39:28.052494	0.124632	1.3953	775	1400	14.8097	75.4911	0.754911	0.759053	2.02	2.03659	
05/07/2019 21:39:29.052415	0.124632	1.3953	775	1400	14.8102	75.4911	0.754911	0.759053	2.03	2.04268	
05/07/2019 21:39:30.052531	0.124632	1.3953	775	1400	14.903	74.4191	0.745863	0.744191	2.03	2.04744	
05/07/2019 21:39:31.052448	0.124632	1.3953	775	1400	14.9033	74.4191	0.745863	0.744191	2.04	2.05306	
05/07/2019 21:39:32.052648	0.124632	1.3953	775	1400	14.9805	75.9332	0.764159	0.759332	2.04	2.05759	
05/07/2019 21:39:33.052480	0.124632	1.3953	775	1400	14.9803	75.9332	0.764159	0.759332	2.05	2.06336	
05/07/2019 21:39:34.051514	0.124632	1.3953	775	1400	15.0724	74.9095	0.749095	0.762491	2.05	2.06836	
05/07/2019 21:39:35.051221	0.124632	1.3953	775	1400	15.0728	74.9095	0.749095	0.762491	2.06	2.07398	
05/07/2019 21:39:36.050447	0.124632	1.3953	775	1400	15.1463	69.5217	0.695217	0.696854	2.06	2.07858	
05/07/2019 21:39:37.050421	0.124632	1.3953	775	1400	15.1453	69.5217	0.695217	0.696854	2.07	2.08428	
05/07/2019 21:39:38.050044	0.124632	1.3953	775	1400	15.2227	66.4789	0.664789	0.688981	2.07	2.08912	
05/07/2019 21:39:39.049141	0.124632	1.3953	775	1400	15.2227	66.4789	0.664789	0.688981	2.08	2.09474	
05/07/2019 21:39:40.048518	0.124632	1.3953	775	1400	15.288	68.9769	0.690721	0.689769	2.08	2.0995	
05/07/2019 21:39:41.048462	0.124632	1.3953	775	1400	15.2874	68.9769	0.690721	0.689769	2.09	2.10489	
05/07/2019 21:39:42.047941	0.124632	1.3953	775	1400	15.3582	60.9086	0.609086	0.646653	2.09	2.11011	
05/07/2019 21:39:43.047128	0.124632	1.3953	775	1400	15.3575	60.9086	0.609086	0.646653	2.1	2.1155	
05/07/2019 21:39:44.046252	0.124632	1.3953	775	1400	15.4146	54.6681	0.546681	0.586419	2.1	2.12026	
05/07/2019 21:39:45.046026	0.124632	1.3953	775	1400	15.4136	54.6681	0.546681	0.586419	2.1	2.12026	
05/07/2019 21:39:46.045486	0.124632	1.3953	775	1400	15.4652	48.9124	0.489124	0.504341	2.1	2.12026	
05/07/2019 21:39:47.044576	0.124632	1.3953	775	1400	15.4665	48.9124	0.489124	0.504341	2.1	2.12026	
05/07/2019 21:39:48.044206	0.124632	1.3953	775	1400	15.5273	55.4481	0.585163	0.554481	2.1	2.12026	
05/07/2019 21:39:49.043309	0.124632	1.3953	775	1400	15.5269	55.4481	0.585163	0.554481	2.1	2.12026	
05/07/2019 21:39:50.042522	0.124632	1.3953	775	1400	15.5888	55.7928	0.557928	0.562084	2.1	2.12026	
05/07/2019 21:39:51.041918	0.124632	1.3953	775	1400	15.5883	55.7928	0.557928	0.562084	2.1	2.12026	
05/07/2019 21:39:52.041770	0.124632	1.3953	775	1400	15.6469	54.273	0.551012	0.54273	2.1	2.12026	
05/07/2019 21:39:53.041779	0.124632	1.3953	775	1400	15.6457	54.273	0.551012	0.54273	2.1	2.12026	
05/07/2019 21:39:54.041459	0.124632	1.3953	775	1400	15.7074	58.2164	0.582164	0.589266	2.1	2.12026	
05/07/2019 21:39:55.041102	0.124632	1.3953	775	1400	15.708	58.2164	0.582164	0.589266	2.1	2.12026	
05/07/2019 21:39:56.040484	0.124632	1.3953	775	1400	15.7656	56.1362	0.582444	0.561362	2.1	2.12026	
05/07/2019 21:39:57.040464	0.124632	1.3953	775	1400	15.7666	56.1362	0.582444	0.561362	2.1	2.12026	
05/07/2019 21:39:58.040488	0.124632	1.3953	775	1400	15.8201	54.0786	0.570076	0.540786	2.1	2.12026	
05/07/2019 21:39:59.040008	0.124632	1.3953	775	1400	15.8195	54.0786	0.547371	0.540786	2.1	2.12026	
05/07/2019 21:40:00.039483	0.124632	1.3953	775	1400	15.8781	54.7371	0.547371	0.557362	2.1	2.12026	
05/07/2019 21:40:01.038599	0.124632	1.3953	775	1400	15.8777	54.7371	0.547371	0.557362	2.1	2.12026	
05/07/2019 21:40:02.038148	0.124632	1.3953	775	1400	15.9386	57.4112	0.591436	0.574112	2.1	2.12026	
05/07/2019 21:40:03.037353	0.124632	1.3953	775	1400	15.9374	57.4112	0.591436	0.574112	2.1	2.12026	
05/07/2019 21:40:04.037096	0.124632	1.3953	775	1400	15.9942	58.0668	0.589132	0.580668	2.1	2.12026	
05/07/2019 21:40:05.036223	0.124632	1.3953	775	1400	15.9943	58.0668	0.589132	0.580668	2.1	2.12026	
05/07/2019 21:40:06.035401	0.124632	1.3953	775	1400	16.045	49.8996	0.505053	0.498996	2.1	2.12026	
05/07/2019 21:40:07.035445	0.124632	1.3953	775	1400	16.0454	49.8996	0.505053	0.498996	2.1	2.12026	
05/07/2019 21:40:08.034470	0.124632	1.3953	775	1400	16.1035	51.3452	0.541109	0.513452	2.1	2.12026	
05/07/2019 21:40:09.033763	0.124632	1.3953	775	1400	16.1032	51.3452	0.541109	0.513452	2.1	2.12026	
05/07/2019 21:40:10.033418	0.124632	1.3953	775	1400	16.1664	57.8252	0.578252	0.586956	2.1	2.12026	
05/07/2019 21:40:11.032827	0.124632	1.3953	775	1400	16.1652	57.8252	0.578252	0.562289	2.1	2.12026	
05/07/2019 21:40:12.032600	0.124632	1.3953	775	1400	16.2222	53.5875	0.535875	0.562289	2.1	2.12026	
05/07/2019 21:40:13.032471	0.124632	1.3953	775	1400	16.2214	53.5875	0.535875	0.562289	2.1	2.12026	
05/07/2019 21:40:14.032663	0.124632	1.3953	775	1400	16.2753	56.3392	0.563392	0.565875	2.1	2.12026	
05/07/2019 21:40:15.032234	0.124632	1.3953	775	1400	16.276	56.3392	0.563392	0.565875	2.1	2.12026	
05/07/2019 21:40:16.031326	0.124632	1.3953	775	1400	16.3315	53.3464	0.534278	0.533464	2.1	2.12026	
05/07/2019 21:40:17.030957	0.124632	1.3953	775	1400	16.3321	53.3464	0.534278	0.533464	2.1	2.12026	
05/07/2019 21:40:18.030038	0.124632	1.3953	775	1400	16.3886	53.1763	0.532974	0.531763	2.1	2.12026	
05/07/2019 21:40:19.029258	0.124632	1.3953	775	1400	16.3879	53.1763	0.532974	0.531763	2.1	2.12026	
05/07/2019 21:40:20.028990	0.124632	1.3953	775	1400	16.444	53.1507	0.531507	0.535398	2.1	2.12026	
